0 0.7454545454545455 0.5117647058823529 0.01 0.012941176470588235
0 0.6959090909090909 0.4647058823529412 0.01 0.012941176470588235
0 0.8913636363636364 0.6052941176470589 0.01 0.012941176470588235
0 0.7454545454545455 0.5352941176470588 0.01 0.012941176470588235
0 0.9368181818181818 0.4176470588235294 0.01 0.012941176470588235
0 0.9368181818181818 0.3941176470588235 0.01 0.012941176470588235
0 0.6959090909090909 0.48823529411764705 0.01 0.012941176470588235
0 0.8913636363636364 0.6288235294117647 0.01 0.012941176470588235
0 0.6959090909090909 0.4176470588235294 0.01 0.012941176470588235
0 0.6959090909090909 0.5352941176470588 0.01 0.012941176470588235
0 0.6545454545454545 0.48823529411764705 0.01 0.012941176470588235
0 0.8913636363636364 0.3941176470588235 0.01 0.012941176470588235
0 0.8913636363636364 0.4647058823529412 0.01 0.012941176470588235
0 0.1359090909090909 0.7 0.01 0.012941176470588235
0 0.9368181818181818 0.6288235294117647 0.01 0.012941176470588235
0 0.805 0.32941176470588235 0.01 0.012941176470588235
0 0.1359090909090909 0.6764705882352942 0.01 0.012941176470588235
0 0.1359090909090909 0.5823529411764706 0.01 0.012941176470588235
0 0.9368181818181818 0.6052941176470589 0.01 0.012941176470588235
0 0.9368181818181818 0.4411764705882353 0.01 0.012941176470588235
0 0.805 0.28823529411764703 0.01 0.012941176470588235
0 0.1359090909090909 0.6058823529411764 0.01 0.012941176470588235
0 0.7454545454545455 0.48823529411764705 0.01 0.012941176470588235
0 0.8959090909090909 0.32941176470588235 0.01 0.012941176470588235
0 0.6545454545454545 0.4176470588235294 0.01 0.012941176470588235
0 0.8454545454545455 0.7294117647058823 0.01 0.012941176470588235
0 0.6959090909090909 0.5117647058823529 0.01 0.012941176470588235
0 0.8913636363636364 0.4411764705882353 0.01 0.012941176470588235
0 0.9368181818181818 0.4647058823529412 0.01 0.012941176470588235
0 0.1359090909090909 0.6529411764705882 0.01 0.012941176470588235
0 0.8959090909090909 0.28823529411764703 0.01 0.012941176470588235
0 0.6545454545454545 0.4647058823529412 0.01 0.012941176470588235
0 0.8913636363636364 0.4176470588235294 0.01 0.012941176470588235
