0 0.24529411764705883 0.36454545454545456 0.02588235294117647 0.02
0 0.34705882352941175 0.49318181818181817 0.02588235294117647 0.02
0 0.34705882352941175 0.42863636363636365 0.02588235294117647 0.02
0 0.24705882352941178 0.6168181818181818 0.02588235294117647 0.02
0 0.34705882352941175 0.6168181818181818 0.02588235294117647 0.02
0 0.34705882352941175 0.36454545454545456 0.02588235294117647 0.02
0 0.24705882352941178 0.49318181818181817 0.02588235294117647 0.02
0 0.45 0.49318181818181817 0.02588235294117647 0.02
0 0.24705882352941178 0.42863636363636365 0.02588235294117647 0.02
0 0.12117647058823529 0.19272727272727272 0.02588235294117647 0.02
0 0.24529411764705883 0.19272727272727272 0.02588235294117647 0.02
