0 0.9222614840989399 0.7963636363636364 0.03180212014134275 0.022727272727272728
0 0.7046525323910483 0.1756818181818182 0.015901060070671377 0.012272727272727272
0 0.9222614840989399 0.7231818181818181 0.03180212014134275 0.022727272727272728
0 0.5144287396937574 0.5225 0.015901060070671377 0.012272727272727272
0 0.7046525323910483 0.13022727272727272 0.015901060070671377 0.012272727272727272
0 0.9222614840989399 0.905 0.03180212014134275 0.022727272727272728
0 0.6872791519434629 0.4809090909090909 0.03180212014134275 0.022727272727272728
0 0.9222614840989399 0.8263636363636364 0.03180212014134275 0.022727272727272728
0 0.9222614840989399 0.8745454545454545 0.03180212014134275 0.022727272727272728
0 0.5144287396937574 0.5070454545454546 0.015901060070671377 0.012272727272727272
0 0.5362190812720848 0.09454545454545454 0.03121319199057715 0.022727272727272728
0 0.7594228504122497 0.3522727272727273 0.034746760895170786 0.022727272727272728
0 0.9222614840989399 0.6854545454545454 0.03180212014134275 0.022727272727272728
0 0.6872791519434629 0.5490909090909091 0.03180212014134275 0.022727272727272728
0 0.4531802120141343 0.09454545454545454 0.03121319199057715 0.022727272727272728
0 0.5774440518256773 0.09454545454545454 0.03121319199057715 0.022727272727272728
0 0.7046525323910483 0.1984090909090909 0.015901060070671377 0.012272727272727272
0 0.8118374558303887 0.9270454545454545 0.015901060070671377 0.012272727272727272
0 0.9222614840989399 0.5718181818181818 0.03180212014134275 0.022727272727272728
0 0.9222614840989399 0.4581818181818182 0.03180212014134275 0.022727272727272728
0 0.30712603062426386 0.09454545454545454 0.03121319199057715 0.022727272727272728
0 0.7046525323910483 0.15295454545454545 0.015901060070671377 0.012272727272727272
0 0.6198468786808009 0.09454545454545454 0.03121319199057715 0.022727272727272728
0 0.658716136631331 0.9275 0.015901060070671377 0.012272727272727272
0 0.9222614840989399 0.7509090909090909 0.03180212014134275 0.022727272727272728
0 0.266489988221437 0.5225 0.015901060070671377 0.012272727272727272
0 0.8183156654888104 0.3522727272727273 0.034746760895170786 0.022727272727272728
0 0.266489988221437 0.5070454545454546 0.015901060070671377 0.012272727272727272
0 0.37014134275618377 0.09454545454545454 0.03121319199057715 0.022727272727272728
0 0.7505889281507656 0.3856818181818182 0.015901060070671377 0.012272727272727272
0 0.9222614840989399 0.6322727272727273 0.03180212014134275 0.022727272727272728
0 0.7146643109540636 0.5070454545454546 0.015901060070671377 0.012272727272727272
0 0.49440518256772675 0.09454545454545454 0.03121319199057715 0.022727272727272728
0 0.7505889281507656 0.4088636363636364 0.015901060070671377 0.012272727272727272
0 0.2623674911660777 0.09454545454545454 0.03121319199057715 0.022727272727272728
0 0.4113663133097762 0.09454545454545454 0.03121319199057715 0.022727272727272728
0 0.9222614840989399 0.6022727272727273 0.03180212014134275 0.022727272727272728
