0 0.6770588235294117 0.12903225806451613 0.012941176470588235 0.009995456610631531
0 0.83 0.8105406633348478 0.012941176470588235 0.009995456610631531
0 0.7476470588235294 0.12903225806451613 0.012941176470588235 0.009995456610631531
0 0.11176470588235295 0.14402544298046344 0.012941176470588235 0.009995456610631531
0 0.841764705882353 0.12903225806451613 0.012941176470588235 0.009995456610631531
0 0.11176470588235295 0.31076783280327125 0.012941176470588235 0.009995456610631531
0 0.2529411764705882 0.31076783280327125 0.012941176470588235 0.009995456610631531
0 0.9005882352941177 0.765106769650159 0.012941176470588235 0.009995456610631531
0 0.9005882352941177 0.7346660608814175 0.012941176470588235 0.009995456610631531
0 0.83 0.765106769650159 0.012941176470588235 0.009995456610631531
0 0.18294117647058825 0.31076783280327125 0.012941176470588235 0.009995456610631531
0 0.83 0.7346660608814175 0.012941176470588235 0.009995456610631531
0 0.9005882352941177 0.8105406633348478 0.012941176470588235 0.009995456610631531
0 0.6182352941176471 0.12903225806451613 0.012941176470588235 0.009995456610631531
