0 0.7864705882352941 0.3380357142857143 0.021176470588235293 0.008928571428571428
0 0.7861764705882353 0.3508928571428571 0.020588235294117647 0.008928571428571428
0 0.7879411764705883 0.31357142857142856 0.022941176470588236 0.008571428571428572
0 0.24058823529411766 0.38035714285714284 0.021176470588235293 0.01
0 0.2411764705882353 0.39375 0.021176470588235293 0.008928571428571428
0 0.5747058823529412 0.3944642857142857 0.021176470588235293 0.009642857142857142
0 0.47823529411764704 0.2080357142857143 0.024705882352941175 0.019642857142857142
0 0.5467647058823529 0.2075 0.025294117647058825 0.018571428571428572
0 0.5747058823529412 0.38142857142857145 0.021176470588235293 0.01
0 0.7864705882352941 0.32607142857142857 0.021176470588235293 0.01
