0 0.8611764705882353 0.25545454545454543 0.011764705882352941 0.00909090909090909
0 0.6508823529411765 0.5411363636363636 0.01588235294117647 0.012272727272727272
0 0.4702941176470588 0.6452272727272728 0.014705882352941176 0.011363636363636364
0 0.4970588235294118 0.4993181818181818 0.01647058823529412 0.012272727272727272
0 0.736764705882353 0.6120454545454546 0.014705882352941176 0.011363636363636364
0 0.5932352941176471 0.5411363636363636 0.01588235294117647 0.012272727272727272
0 0.3076470588235294 0.6625 0.011764705882352941 0.009545454545454546
0 0.2488235294117647 0.6629545454545455 0.01764705882352941 0.011363636363636364
0 0.8108823529411765 0.25681818181818183 0.014705882352941176 0.011818181818181818
0 0.10441176470588236 0.4993181818181818 0.013529411764705882 0.010454545454545454
0 0.1038235294117647 0.48068181818181815 0.01588235294117647 0.012272727272727272
0 0.41970588235294115 0.6452272727272728 0.014705882352941176 0.011363636363636364
0 0.4973529411764706 0.48068181818181815 0.013529411764705882 0.010454545454545454
0 0.21970588235294117 0.6452272727272728 0.014705882352941176 0.011363636363636364
0 0.2702941176470588 0.6452272727272728 0.014705882352941176 0.011363636363636364
0 0.07676470588235294 0.6406818181818181 0.014705882352941176 0.011363636363636364
0 0.12323529411764705 0.6275 0.014705882352941176 0.011363636363636364
0 0.07676470588235294 0.6275 0.014705882352941176 0.011363636363636364
0 0.7897058823529411 0.6120454545454546 0.014705882352941176 0.011363636363636364
