0 0.566764705882353 0.8493181818181819 0.014705882352941176 0.010454545454545454
0 0.6555882352941177 0.46704545454545454 0.01588235294117647 0.011363636363636364
0 0.8638235294117647 0.5147727272727273 0.014705882352941176 0.011363636363636364
0 0.6220588235294118 0.7534090909090909 0.01588235294117647 0.012272727272727272
0 0.8955882352941177 0.7061363636363637 0.014705882352941176 0.010454545454545454
0 0.865 0.8493181818181819 0.014705882352941176 0.010454545454545454
0 0.8644117647058823 0.8011363636363636 0.014705882352941176 0.011363636363636364
0 0.566764705882353 0.5625 0.014705882352941176 0.010454545454545454
0 0.895 0.8011363636363636 0.014705882352941176 0.011363636363636364
0 0.6544117647058824 0.5154545454545455 0.014705882352941176 0.01090909090909091
0 0.5679411764705883 0.6579545454545455 0.014705882352941176 0.011363636363636364
0 0.6220588235294118 0.8493181818181819 0.01588235294117647 0.010454545454545454
0 0.5344117647058824 0.46704545454545454 0.014705882352941176 0.011363636363636364
0 0.566764705882353 0.4202272727272727 0.014705882352941176 0.010454545454545454
0 0.8944117647058824 0.4193181818181818 0.014705882352941176 0.010454545454545454
0 0.20088235294117648 0.15272727272727274 0.022941176470588236 0.015454545454545455
0 0.6544117647058824 0.6579545454545455 0.014705882352941176 0.011363636363636364
0 0.1373529411764706 0.13 0.022941176470588236 0.015454545454545455
0 0.5326470588235294 0.4202272727272727 0.014705882352941176 0.010454545454545454
0 0.28088235294117647 0.15272727272727274 0.022941176470588236 0.015454545454545455
0 0.6526470588235294 0.1290909090909091 0.022941176470588236 0.015454545454545455
0 0.6220588235294118 0.5625 0.01588235294117647 0.010454545454545454
0 0.20205882352941176 0.13 0.022941176470588236 0.015454545454545455
0 0.655 0.7061363636363637 0.014705882352941176 0.010454545454545454
0 0.6208823529411764 0.7061363636363637 0.014705882352941176 0.010454545454545454
0 0.8944117647058824 0.6579545454545455 0.014705882352941176 0.011363636363636364
0 0.8955882352941177 0.7536363636363637 0.014705882352941176 0.01090909090909091
0 0.865 0.6102272727272727 0.014705882352941176 0.012272727272727272
0 0.5344117647058824 0.5625 0.014705882352941176 0.010454545454545454
0 0.5679411764705883 0.7061363636363637 0.014705882352941176 0.010454545454545454
0 0.566764705882353 0.8015909090909091 0.014705882352941176 0.010454545454545454
0 0.895 0.46704545454545454 0.014705882352941176 0.011363636363636364
0 0.5344117647058824 0.8493181818181819 0.014705882352941176 0.010454545454545454
0 0.8644117647058823 0.6579545454545455 0.014705882352941176 0.011363636363636364
0 0.865 0.46704545454545454 0.014705882352941176 0.011363636363636364
0 0.655 0.8015909090909091 0.013529411764705882 0.010454545454545454
0 0.6202941176470588 0.4668181818181818 0.014705882352941176 0.01090909090909091
0 0.6985294117647058 0.1290909090909091 0.022941176470588236 0.015454545454545455
0 0.865 0.7534090909090909 0.014705882352941176 0.012272727272727272
0 0.5344117647058824 0.7059090909090909 0.014705882352941176 0.01090909090909091
0 0.535 0.6106818181818182 0.01588235294117647 0.011363636363636364
0 0.5326470588235294 0.8013636363636364 0.014705882352941176 0.01090909090909091
0 0.6220588235294118 0.6102272727272727 0.01588235294117647 0.012272727272727272
0 0.6561764705882352 0.4202272727272727 0.01588235294117647 0.010454545454545454
0 0.8561764705882353 0.1290909090909091 0.022941176470588236 0.015454545454545455
0 0.6202941176470588 0.8015909090909091 0.014705882352941176 0.010454545454545454
0 0.5344117647058824 0.5152272727272728 0.014705882352941176 0.010454545454545454
0 0.8638235294117647 0.5625 0.013529411764705882 0.010454545454545454
0 0.7497058823529412 0.1290909090909091 0.022941176470588236 0.015454545454545455
0 0.6544117647058824 0.5625 0.014705882352941176 0.010454545454545454
0 0.6220588235294118 0.5147727272727273 0.01588235294117647 0.011363636363636364
0 0.865 0.7061363636363637 0.014705882352941176 0.010454545454545454
0 0.6220588235294118 0.6579545454545455 0.01588235294117647 0.011363636363636364
0 0.6555882352941177 0.7536363636363637 0.014705882352941176 0.01090909090909091
0 0.11735294117647059 0.15181818181818182 0.022941176470588236 0.015454545454545455
0 0.8944117647058824 0.5147727272727273 0.014705882352941176 0.011363636363636364
0 0.566764705882353 0.46704545454545454 0.014705882352941176 0.011363636363636364
0 0.8944117647058824 0.6102272727272727 0.014705882352941176 0.012272727272727272
0 0.805 0.1290909090909091 0.022941176470588236 0.015454545454545455
0 0.6220588235294118 0.4202272727272727 0.01588235294117647 0.010454545454545454
0 0.8638235294117647 0.41909090909090907 0.014705882352941176 0.01090909090909091
0 0.566764705882353 0.7534090909090909 0.014705882352941176 0.012272727272727272
0 0.5344117647058824 0.6581818181818182 0.014705882352941176 0.01090909090909091
0 0.8955882352941177 0.8493181818181819 0.014705882352941176 0.010454545454545454
0 0.6544117647058824 0.8493181818181819 0.014705882352941176 0.010454545454545454
0 0.5682352941176471 0.6106818181818182 0.01647058823529412 0.011363636363636364
0 0.8944117647058824 0.5625 0.014705882352941176 0.010454545454545454
0 0.6561764705882352 0.6104545454545455 0.01588235294117647 0.01090909090909091
0 0.5661764705882353 0.5152272727272728 0.014705882352941176 0.010454545454545454
0 0.5326470588235294 0.7534090909090909 0.014705882352941176 0.012272727272727272
