0 0.5547058823529412 0.5296153846153846 0.021176470588235293 0.013846153846153847
0 0.9305882352941176 0.13865384615384616 0.023529411764705882 0.010384615384615384
0 0.18323529411764705 0.12884615384615383 0.026470588235294117 0.012307692307692308
0 0.41147058823529414 0.14942307692307694 0.020588235294117647 0.01653846153846154
0 0.5605882352941176 0.3894230769230769 0.02823529411764706 0.01730769230769231
0 0.21352941176470588 0.5286538461538461 0.02588235294117647 0.011923076923076923
0 0.4902941176470588 0.14807692307692308 0.019411764705882354 0.013846153846153847
0 0.2526470588235294 0.3894230769230769 0.03235294117647059 0.01730769230769231
0 0.2597058823529412 0.14865384615384616 0.02411764705882353 0.012692307692307692
0 0.3352941176470588 0.14865384615384616 0.018823529411764704 0.012692307692307692
0 0.9302941176470588 0.1523076923076923 0.019411764705882354 0.007692307692307693
0 0.7035294117647058 0.6288461538461538 0.04941176470588235 0.027692307692307693
0 0.09117647058823529 0.1280769230769231 0.021176470588235293 0.010769230769230769
