0 0.6902941176470588 0.7584090909090909 0.014705882352941176 0.011363636363636364
0 0.6420588235294118 0.6197727272727273 0.014705882352941176 0.011363636363636364
0 0.45441176470588235 0.7584090909090909 0.014705882352941176 0.011363636363636364
0 0.10147058823529412 0.8975 0.014705882352941176 0.011363636363636364
0 0.09852941176470588 0.5515909090909091 0.014705882352941176 0.011363636363636364
0 0.09852941176470588 0.5684090909090909 0.014705882352941176 0.011363636363636364
0 0.3526470588235294 0.7584090909090909 0.014705882352941176 0.011363636363636364
0 0.09852941176470588 0.6543181818181818 0.014705882352941176 0.011363636363636364
0 0.5402941176470588 0.6197727272727273 0.014705882352941176 0.011363636363636364
0 0.5314705882352941 0.7579545454545454 0.014705882352941176 0.011363636363636364
0 0.09852941176470588 0.6770454545454545 0.014705882352941176 0.011363636363636364
