0 0.3735632183908046 0.3467293715262933 0.02238354506957048 0.017101325352714837
0 0.910768300060496 0.3860624198375374 0.02117362371445856 0.017101325352714837
0 0.45795523290986084 0.3860624198375374 0.021778584392014518 0.017101325352714837
0 0.6448880822746521 0.3867037195382642 0.021778584392014518 0.01838392475416845
0 0.8294010889292196 0.3467293715262933 0.019358741681790685 0.017101325352714837
0 0.5332728372655777 0.3473706712270201 0.02238354506957048 0.01581872595126122
0 0.735329703569268 0.3860624198375374 0.024803387779794312 0.017101325352714837
0 0.6748336358136721 0.3467293715262933 0.019963702359346643 0.017101325352714837
0 0.9104658197217181 0.3473706712270201 0.0205686630369026 0.014963659683625482
0 0.8321234119782214 0.3869174861051731 0.023593466424682397 0.015391192817443352
0 0.3442226255293406 0.3869174861051731 0.021778584392014518 0.015391192817443352
0 0.2719298245614035 0.3465156049593843 0.02117362371445856 0.016673792218896963
0 0.44494857834240775 0.8356135100470287 0.011494252873563218 0.011543394613082514
0 0.49516031457955234 0.8360410431808465 0.009074410163339383 0.010688328345446772
