0 0.8581367211131277 0.23599828986746474 0.018753781004234724 0.013681060282171868
0 0.8596491228070176 0.6137238135955536 0.021778584392014518 0.012398460880718255
0 0.8587416817906836 0.4365113296280462 0.018753781004234724 0.013681060282171868
0 0.779189352692075 0.7069260367678495 0.019358741681790685 0.016673792218896963
0 0.8596491228070176 0.18832834544677213 0.021778584392014518 0.014963659683625482
0 0.7803992740471869 0.43715262932877297 0.021778584392014518 0.011543394613082514
0 0.8575317604355717 0.7676357417699872 0.02117362371445856 0.012398460880718255
0 0.779491833030853 0.39781958101752884 0.018753781004234724 0.012398460880718255
0 0.778886872353297 0.23706712270200941 0.018753781004234724 0.013253527148353997
0 0.8596491228070176 0.7077811030354852 0.01693889897156685 0.012398460880718255
0 0.7813067150635209 0.7667806755023514 0.023593466424682397 0.013253527148353997
0 0.8590441621294616 0.6678067550235143 0.021778584392014518 0.013681060282171868
0 0.8608590441621294 0.21333903377511756 0.019358741681790685 0.013681060282171868
0 0.778584392014519 0.6147926464300983 0.019358741681790685 0.013681060282171868
0 0.7776769509981851 0.6678067550235143 0.02117362371445856 0.013681060282171868
0 0.8596491228070176 0.3988884138520735 0.021778584392014518 0.013681060282171868
0 0.778886872353297 0.47370671227020095 0.018753781004234724 0.011970927746900385
0 0.8587416817906836 0.36212056434373663 0.019963702359346643 0.015391192817443352
0 0.8596491228070176 0.3208636169303121 0.021778584392014518 0.01410859341598974
0 0.7822141560798548 0.21376656690893545 0.021778584392014518 0.015391192817443352
0 0.779491833030853 0.1893971782813168 0.017543859649122806 0.013681060282171868
0 0.8608590441621294 0.47306541256947415 0.019358741681790685 0.012398460880718255
0 0.778886872353297 0.32107738349722104 0.018753781004234724 0.013681060282171868
0 0.7807017543859649 0.36169303120991875 0.017543859649122806 0.011970927746900385
