0 0.7917170495767836 0.23514322359982898 0.021160822249093107 0.01453612654980761
0 0.12091898428053205 0.6962377084224027 0.022974607013301087 0.01410859341598974
0 0.8890568319226119 0.23514322359982898 0.021160822249093107 0.01453612654980761
0 0.12091898428053205 0.5748182984181274 0.022974607013301087 0.01410859341598974
0 0.12091898428053205 0.619281744335186 0.022974607013301087 0.01410859341598974
0 0.8890568319226119 0.3099615220179564 0.021160822249093107 0.01453612654980761
0 0.12091898428053205 0.506412997007268 0.022974607013301087 0.01410859341598974
0 0.12091898428053205 0.7193244976485678 0.022974607013301087 0.01410859341598974
0 0.12091898428053205 0.6774262505344164 0.022974607013301087 0.01410859341598974
0 0.12091898428053205 0.556434373663959 0.022974607013301087 0.01410859341598974
0 0.12091898428053205 0.6380932022231723 0.022974607013301087 0.01410859341598974
0 0.8890568319226119 0.2791791363830697 0.021160822249093107 0.01453612654980761
0 0.10399032648125756 0.1447199657973493 0.020556227327690448 0.01410859341598974
0 0.12091898428053205 0.6594698589140658 0.022974607013301087 0.01410859341598974
0 0.8890568319226119 0.37067122702009403 0.021160822249093107 0.01453612654980761
0 0.12091898428053205 0.5979050876442924 0.022974607013301087 0.01410859341598974
0 0.12091898428053205 0.7372808892689183 0.022974607013301087 0.01410859341598974
0 0.7917170495767836 0.3099615220179564 0.021160822249093107 0.01453612654980761
0 0.7917170495767836 0.37067122702009403 0.021160822249093107 0.01453612654980761
0 0.10399032648125756 0.08572039333048312 0.020556227327690448 0.01410859341598974
0 0.10399032648125756 0.175502351432236 0.020556227327690448 0.01410859341598974
0 0.7917170495767836 0.2791791363830697 0.021160822249093107 0.01453612654980761
0 0.10368802902055622 0.87751175716118 0.017533252720677146 0.012398460880718255
