0 0.620918984280532 0.47926464300983324 0.019347037484885126 0.01453612654980761
0 0.06831922611850061 0.6137238135955536 0.018137847642079808 0.013253527148353997
0 0.5278113663845224 0.47926464300983324 0.019347037484885126 0.01453612654980761
0 0.5278113663845224 0.15091919623770841 0.019347037484885126 0.01453612654980761
0 0.5278113663845224 0.44420692603676787 0.019347037484885126 0.01453612654980761
0 0.5278113663845224 0.08208636169303121 0.019347037484885126 0.01453612654980761
0 0.5278113663845224 0.2013681060282172 0.019347037484885126 0.01453612654980761
0 0.620918984280532 0.19324497648567765 0.019347037484885126 0.01453612654980761
0 0.9232164449818622 0.08208636169303121 0.019347037484885126 0.01453612654980761
0 0.620918984280532 0.2975630611372381 0.019347037484885126 0.01453612654980761
0 0.06831922611850061 0.5872167592988456 0.018137847642079808 0.013253527148353997
0 0.5278113663845224 0.4155622060709705 0.019347037484885126 0.01453612654980761
0 0.5278113663845224 0.24754168448054725 0.019347037484885126 0.01453612654980761
0 0.5278113663845224 0.3514322359982899 0.019347037484885126 0.01453612654980761
0 0.5278113663845224 0.29884566053869177 0.019347037484885126 0.01453612654980761
0 0.5278113663845224 0.3869174861051731 0.019347037484885126 0.01453612654980761
0 0.620918984280532 0.08208636169303121 0.019347037484885126 0.01453612654980761
0 0.5278113663845224 0.11115861479264642 0.019347037484885126 0.01453612654980761
0 0.620918984280532 0.1483539974348012 0.019347037484885126 0.01453612654980761
0 0.06831922611850061 0.635528003420265 0.018137847642079808 0.013253527148353997
