0 0.8312159709618875 0.6611799914493374 0.021778584392014518 0.01410859341598974
0 0.8306110102843315 0.2618640444634459 0.021778584392014518 0.014963659683625482
0 0.6926799758015729 0.23129542539546816 0.02661826981246219 0.015391192817443352
0 0.8318209316394435 0.4796921761436511 0.024198427102238355 0.017101325352714837
0 0.6926799758015729 0.4796921761436511 0.021778584392014518 0.017101325352714837
0 0.6938898971566848 0.506626763574177 0.024198427102238355 0.015391192817443352
0 0.691470054446461 0.7246686618212912 0.024198427102238355 0.017101325352714837
0 0.6926799758015729 0.36447199657973495 0.021778584392014518 0.01581872595126122
0 0.6929824561403509 0.7734074390765284 0.02722323049001815 0.017101325352714837
0 0.8306110102843315 0.5344164172723386 0.021778584392014518 0.017101325352714837
0 0.8321234119782214 0.6344591705857204 0.028433151845130067 0.015391192817443352
0 0.8306110102843315 0.8165882855921334 0.02661826981246219 0.017101325352714837
0 0.6929824561403509 0.8683197947840958 0.02238354506957048 0.015391192817443352
0 0.6954022988505747 0.3396750748182984 0.02722323049001815 0.017528858486532708
0 0.8309134906231095 0.506412997007268 0.02601330913490623 0.01581872595126122
0 0.8321234119782214 0.28815733219324496 0.024803387779794312 0.017101325352714837
0 0.8306110102843315 0.13168020521590423 0.02661826981246219 0.015391192817443352
0 0.6938898971566848 0.7498931167165456 0.024198427102238355 0.017101325352714837
0 0.8309134906231095 0.7734074390765284 0.02238354506957048 0.015391192817443352
0 0.6929824561403509 0.5592133390337751 0.02601330913490623 0.015391192817443352
0 0.8318209316394435 0.10602821718683197 0.029038112522686024 0.015391192817443352
0 0.6950998185117967 0.5327062847370672 0.02661826981246219 0.017101325352714837
0 0.8318209316394435 0.725096194955109 0.024198427102238355 0.015391192817443352
0 0.8306110102843315 0.748396750748183 0.021778584392014518 0.01410859341598974
0 0.6938898971566848 0.31124412141941 0.024198427102238355 0.015391192817443352
0 0.6950998185117967 0.844377939290295 0.02661826981246219 0.01881145788798632
0 0.6929824561403509 0.261650277896537 0.02238354506957048 0.01881145788798632
0 0.8306110102843315 0.5585720393330483 0.021778584392014518 0.016673792218896963
0 0.8306110102843315 0.36532706284737065 0.02661826981246219 0.017528858486532708
0 0.6932849364791288 0.6344591705857204 0.02661826981246219 0.015391192817443352
0 0.6926799758015729 0.45446772124839674 0.021778584392014518 0.017101325352714837
0 0.6950998185117967 0.13061137238135956 0.02661826981246219 0.01581872595126122
0 0.8321234119782214 0.15840102607952117 0.024803387779794312 0.016673792218896963
0 0.8297035692679976 0.8674647285164601 0.023593466424682397 0.017101325352714837
0 0.6920750151240169 0.6090209491235571 0.024198427102238355 0.01581872595126122
0 0.8309134906231095 0.5859341598973921 0.02238354506957048 0.016673792218896963
0 0.6917725347852389 0.08123129542539546 0.024803387779794312 0.017101325352714837
0 0.6944948578342408 0.3916203505771697 0.024198427102238355 0.015391192817443352
0 0.6950998185117967 0.8191534843950407 0.02661826981246219 0.01881145788798632
0 0.8324258923169994 0.23193672509619495 0.029038112522686024 0.016673792218896963
0 0.6941923774954628 0.10688328345446772 0.023593466424682397 0.017101325352714837
0 0.8312159709618875 0.3909790508764429 0.021778584392014518 0.016673792218896963
0 0.8309134906231095 0.3388200085506627 0.02238354506957048 0.01581872595126122
0 0.8309134906231095 0.18319794784095766 0.02238354506957048 0.014963659683625482
0 0.8309134906231095 0.8418127404873877 0.02601330913490623 0.017101325352714837
0 0.8321234119782214 0.894185549380077 0.024803387779794312 0.01838392475416845
0 0.6941923774954628 0.15669089354424967 0.024803387779794312 0.016673792218896963
0 0.8309134906231095 0.08230012825994014 0.02601330913490623 0.014963659683625482
0 0.6932849364791288 0.182129115006413 0.02661826981246219 0.017101325352714837
0 0.8318209316394435 0.6081658828559213 0.024198427102238355 0.016673792218896963
0 0.6920750151240169 0.05557930739632321 0.024198427102238355 0.017101325352714837
0 0.8336358136721113 0.055151774262505344 0.024198427102238355 0.015391192817443352
0 0.8306110102843315 0.31231295425395467 0.02661826981246219 0.016673792218896963
0 0.6929824561403509 0.8935442496793502 0.02117362371445856 0.017101325352714837
0 0.6917725347852389 0.6618212911500642 0.023593466424682397 0.015391192817443352
0 0.6929824561403509 0.28815733219324496 0.02601330913490623 0.017101325352714837
0 0.8309134906231095 0.4557503206498504 0.02238354506957048 0.017101325352714837
0 0.6917725347852389 0.5840102607952117 0.023593466424682397 0.017101325352714837
