0 0.08441176470588235 0.586590909090909 0.01588235294117647 0.012272727272727272
0 0.08441176470588235 0.5638636363636363 0.01588235294117647 0.012272727272727272
0 0.052647058823529415 0.8768181818181818 0.018235294117647058 0.016363636363636365
0 0.07852941176470589 0.8993181818181818 0.022941176470588236 0.017727272727272727
0 0.055 0.7095454545454546 0.018235294117647058 0.012727272727272728
0 0.34911764705882353 0.49568181818181817 0.01588235294117647 0.012272727272727272
0 0.08441176470588235 0.5411363636363636 0.01588235294117647 0.012272727272727272
0 0.054705882352941174 0.8229545454545455 0.018823529411764704 0.015
0 0.07941176470588235 0.855909090909091 0.021176470588235293 0.014545454545454545
0 0.054705882352941174 0.6795454545454546 0.018823529411764704 0.014545454545454545
0 0.08441176470588235 0.5184090909090909 0.01588235294117647 0.012272727272727272
0 0.055 0.49568181818181817 0.01588235294117647 0.012272727272727272
