0 0.8656987295825771 0.3379649422830269 0.029038112522686024 0.017528858486532708
0 0.8635813672111313 0.37644292432663534 0.028433151845130067 0.01838392475416845
0 0.7398669086509377 0.26079521162890124 0.029038112522686024 0.020521590423257803
0 0.8623714458560193 0.13296280461735785 0.02722323049001815 0.020521590423257803
0 0.8635813672111313 0.41363830696879006 0.029643073200241985 0.01838392475416845
0 0.7425892316999395 0.33689610944848225 0.03327283726557774 0.01881145788798632
0 0.7398669086509377 0.22338606241983755 0.024198427102238355 0.020094057289439932
0 0.8638838475499092 0.2992731936725096 0.024198427102238355 0.015391192817443352
0 0.8647912885662432 0.2625053441641727 0.02601330913490623 0.020521590423257803
0 0.8656987295825771 0.2231722958529286 0.029038112522686024 0.020521590423257803
0 0.7380520266182699 0.13424540401881147 0.024198427102238355 0.017101325352714837
0 0.7425892316999395 0.3747327917913638 0.024803387779794312 0.01838392475416845
0 0.7422867513611615 0.41299700726806327 0.029038112522686024 0.020521590423257803
0 0.7389594676346037 0.2992731936725096 0.02601330913490623 0.01881145788798632
