0 0.43833131801692865 0.37708422402736214 0.02176541717049577 0.015391192817443352
0 0.10701330108827085 0.15284309533988885 0.022974607013301087 0.016673792218896963
0 0.5556227327690447 0.3993159469858914 0.02176541717049577 0.015391192817443352
0 0.5556227327690447 0.37708422402736214 0.02176541717049577 0.015391192817443352
0 0.10701330108827085 0.22124839675074817 0.022974607013301087 0.016673792218896963
0 0.10701330108827085 0.1767849508336896 0.022974607013301087 0.016673792218896963
0 0.3210399032648126 0.3993159469858914 0.02176541717049577 0.015391192817443352
0 0.6729141475211609 0.3993159469858914 0.02176541717049577 0.015391192817443352
0 0.11668681983071343 0.4431380932022232 0.022974607013301087 0.016673792218896963
0 0.11668681983071343 0.42176143651132963 0.022974607013301087 0.016673792218896963
0 0.5006045949214026 0.19623770842240273 0.030229746070133012 0.01795639162035058
0 0.3210399032648126 0.37708422402736214 0.02176541717049577 0.015391192817443352
0 0.4588875453446191 0.19623770842240273 0.030229746070133012 0.01795639162035058
0 0.6729141475211609 0.37708422402736214 0.02176541717049577 0.015391192817443352
0 0.43833131801692865 0.3993159469858914 0.02176541717049577 0.015391192817443352
0 0.11668681983071343 0.3999572466866182 0.022974607013301087 0.016673792218896963
0 0.4830713422007255 0.5453185121846943 0.022974607013301087 0.016673792218896963
0 0.10519951632406288 0.5453185121846943 0.022974607013301087 0.016673792218896963
0 0.11668681983071343 0.37772552372808893 0.022974607013301087 0.016673792218896963
0 0.4189842805320435 0.19623770842240273 0.030229746070133012 0.01795639162035058
