0 0.7038717483363581 0.21804189824711415 0.019963702359346643 0.013681060282171868
0 0.8551119177253479 0.29713552800342025 0.02238354506957048 0.013681060282171868
0 0.7038717483363581 0.26934587430525864 0.019963702359346643 0.013681060282171868
0 0.7047791893526921 0.24476271911073108 0.021778584392014518 0.01581872595126122
0 0.7065940713853599 0.3353997434801197 0.024198427102238355 0.014963659683625482
0 0.8551119177253479 0.36083796494228304 0.02238354506957048 0.015391192817443352
0 0.70508166969147 0.2967079948696024 0.02117362371445856 0.013681060282171868
0 0.8539019963702359 0.21911073108165882 0.023593466424682397 0.01581872595126122
0 0.8575317604355717 0.3360410431808465 0.02601330913490623 0.017101325352714837
0 0.8539019963702359 0.27105600684053016 0.019963702359346643 0.017101325352714837
0 0.7041742286751361 0.3619067977768277 0.024198427102238355 0.01410859341598974
0 0.852692075015124 0.24476271911073108 0.02238354506957048 0.014963659683625482
