0 0.8539019963702359 0.1731509191962377 0.015124016938898971 0.011970927746900385
0 0.8539019963702359 0.2627191107310817 0.018753781004234724 0.013253527148353997
0 0.8660012099213551 0.622702009405729 0.019963702359346643 0.014963659683625482
0 0.8548094373865699 0.08572039333048312 0.01693889897156685 0.012398460880718255
0 0.7858439201451906 0.38499358700299274 0.019358741681790685 0.012398460880718255
0 0.7740471869328494 0.11137238135955536 0.018753781004234724 0.012398460880718255
0 0.7870538415003024 0.44057289439931596 0.01693889897156685 0.010688328345446772
0 0.7740471869328494 0.2627191107310817 0.018753781004234724 0.013253527148353997
0 0.8656987295825771 0.5309961522017956 0.019358741681790685 0.013681060282171868
0 0.8660012099213551 0.38499358700299274 0.018753781004234724 0.012398460880718255
0 0.7870538415003024 0.6220607097050022 0.01693889897156685 0.013681060282171868
0 0.8669086509376891 0.5835827276613937 0.01693889897156685 0.011970927746900385
0 0.7737447065940714 0.0874305258657546 0.019358741681790685 0.012398460880718255
0 0.7749546279491834 0.1731509191962377 0.01693889897156685 0.011970927746900385
0 0.7861464004839686 0.4764856776400171 0.018753781004234724 0.013253527148353997
0 0.8669086509376891 0.47734074390765285 0.01693889897156685 0.011543394613082514
0 0.8551119177253479 0.11115861479264642 0.02117362371445856 0.011970927746900385
0 0.7852389594676346 0.6492090637024369 0.01693889897156685 0.01410859341598974
0 0.7740471869328494 0.22445489525438223 0.015124016938898971 0.011970927746900385
0 0.8669086509376891 0.44164172723386064 0.01693889897156685 0.011970927746900385
0 0.7737447065940714 0.0506626763574177 0.019358741681790685 0.013253527148353997
0 0.7870538415003024 0.5312099187687046 0.01693889897156685 0.013253527148353997
0 0.8660012099213551 0.6485677640017101 0.018753781004234724 0.011970927746900385
0 0.8551119177253479 0.050021376656690895 0.017543859649122806 0.011970927746900385
0 0.8542044767090139 0.22680632749038052 0.019358741681790685 0.01410859341598974
0 0.7728372655777375 0.29286019666524155 0.016333938294010888 0.011970927746900385
0 0.853599516031458 0.29350149636596834 0.019358741681790685 0.01410859341598974
0 0.7873563218390804 0.582727661393758 0.017543859649122806 0.013681060282171868
