0 0.5135294117647059 0.4002272727272727 0.01647058823529412 0.013181818181818182
0 0.05382352941176471 0.49113636363636365 0.014705882352941176 0.012272727272727272
0 0.055 0.26477272727272727 0.01588235294117647 0.012272727272727272
0 0.05235294117647059 0.43113636363636365 0.01411764705882353 0.009545454545454546
0 0.05176470588235294 0.4159090909090909 0.018823529411764704 0.014545454545454545
0 0.051176470588235295 0.4611363636363636 0.011764705882352941 0.010454545454545454
0 0.1426470588235294 0.26477272727272727 0.01588235294117647 0.012272727272727272
0 0.05411764705882353 0.49204545454545456 0.01411764705882353 0.011363636363636364
0 0.05382352941176471 0.39954545454545454 0.01588235294117647 0.01090909090909091
0 0.055 0.5665909090909091 0.01588235294117647 0.011363636363636364
0 0.5141176470588236 0.3856818181818182 0.01647058823529412 0.012272727272727272
0 0.051470588235294115 0.3993181818181818 0.018235294117647058 0.011363636363636364
0 0.05411764705882353 0.5679545454545455 0.01411764705882353 0.011363636363636364
0 0.05352941176470588 0.6359090909090909 0.01411764705882353 0.014545454545454545
0 0.23147058823529412 0.26477272727272727 0.01588235294117647 0.012272727272727272
0 0.05235294117647059 0.37113636363636365 0.01411764705882353 0.012272727272727272
0 0.052941176470588235 0.445 0.01411764705882353 0.01090909090909091
0 0.5135294117647059 0.4602272727272727 0.01647058823529412 0.009545454545454546
0 0.8232352941176471 0.21 0.022941176470588236 0.019090909090909092
0 0.5123529411764706 0.43204545454545457 0.011764705882352941 0.010454545454545454
0 0.05235294117647059 0.3856818181818182 0.01411764705882353 0.009545454545454546
0 0.05411764705882353 0.6361363636363636 0.01411764705882353 0.011363636363636364
0 0.052647058823529415 0.4156818181818182 0.018235294117647058 0.010454545454545454
0 0.7820588235294118 0.21 0.022941176470588236 0.019090909090909092
0 0.5129411764705882 0.3693181818181818 0.01411764705882353 0.009545454545454546
0 0.5114705882352941 0.4763636363636364 0.018235294117647058 0.013636363636363636
0 0.05352941176470588 0.4304545454545455 0.01411764705882353 0.014545454545454545
0 0.05382352941176471 0.46045454545454545 0.018235294117647058 0.012727272727272728
0 0.5135294117647059 0.4159090909090909 0.01647058823529412 0.01090909090909091
0 0.5135294117647059 0.445 0.01647058823529412 0.014545454545454545
