0 0.06983071342200725 0.3584865327062847 0.016324062877871828 0.011543394613082514
0 0.5142079806529625 0.3584865327062847 0.016324062877871828 0.011543394613082514
0 0.06983071342200725 0.33924754168448057 0.016324062877871828 0.011543394613082514
0 0.32859733978234584 0.7902949978623344 0.016324062877871828 0.011543394613082514
0 0.32859733978234584 0.807823856348867 0.016324062877871828 0.011543394613082514
0 0.06983071342200725 0.3785805899957247 0.016324062877871828 0.011543394613082514
0 0.06983071342200725 0.2297990594271056 0.016324062877871828 0.011543394613082514
0 0.5142079806529625 0.33924754168448057 0.016324062877871828 0.011543394613082514
0 0.06983071342200725 0.24903805044890978 0.016324062877871828 0.011543394613082514
0 0.5142079806529625 0.2297990594271056 0.016324062877871828 0.011543394613082514
