0 0.8545069570477919 0.3071825566481402 0.009074410163339383 0.007268063274903805
0 0.7849364791288567 0.4593843522873023 0.0102843315184513 0.006412997007268063
0 0.8542044767090139 0.24625908507909364 0.010889292196007259 0.007695596408721676
0 0.8548094373865699 0.2665669089354425 0.009679370840895343 0.006412997007268063
0 0.7876588021778584 0.11179991449337323 0.009679370840895343 0.006412997007268063
0 0.8545069570477919 0.2862334330910646 0.009074410163339383 0.006412997007268063
0 0.8545069570477919 0.3514322359982899 0.009074410163339383 0.006840530141085934
0 0.7855414398064126 0.5442496793501497 0.009074410163339383 0.006840530141085934
0 0.8539019963702359 0.622702009405729 0.0102843315184513 0.0055579307396323215
0 0.7876588021778584 0.2862334330910646 0.012099213551119177 0.006412997007268063
0 0.7858439201451906 0.8163745190252245 0.009679370840895343 0.006412997007268063
0 0.8563218390804598 0.4585292860196665 0.009074410163339383 0.0055579307396323215
0 0.7858439201451906 0.6427960666951689 0.009679370840895343 0.006412997007268063
0 0.8545069570477919 0.32791791363830697 0.009074410163339383 0.007695596408721676
0 0.7870538415003024 0.18661821291150063 0.010889292196007259 0.007268063274903805
0 0.7870538415003024 0.2659256092347157 0.010889292196007259 0.007695596408721676
0 0.8542044767090139 0.6432235998289867 0.010889292196007259 0.007268063274903805
0 0.7329098608590442 0.7956391620350577 0.019963702359346643 0.007695596408721676
0 0.7852389594676346 0.62248824283882 0.010889292196007259 0.005985463873450192
0 0.7882637628554144 0.22595126122274475 0.010889292196007259 0.006412997007268063
0 0.8121597096188747 0.8349722103463019 0.018753781004234724 0.007695596408721676
0 0.7855414398064126 0.8559213339033775 0.009074410163339383 0.006840530141085934
0 0.6488203266787659 0.5818725951261223 0.018753781004234724 0.007695596408721676
0 0.8566243194192378 0.11201368106028217 0.009679370840895343 0.005985463873450192
0 0.7867513611615246 0.3272766139375802 0.0102843315184513 0.006412997007268063
0 0.7873563218390804 0.24647285164600258 0.009074410163339383 0.006412997007268063
0 0.7876588021778584 0.3071825566481402 0.012099213551119177 0.007268063274903805
0 0.8566243194192378 0.5440359127832407 0.009679370840895343 0.006412997007268063
0 0.7882637628554144 0.3516460025651988 0.010889292196007259 0.006412997007268063
0 0.7861464004839686 0.8740914920906371 0.012704174228675136 0.006412997007268063
0 0.8548094373865699 0.8747327917913639 0.012099213551119177 0.007695596408721676
