0 0.6926799758015729 0.8606241983753741 0.02661826981246219 0.01881145788798632
0 0.852389594676346 0.4807610089781958 0.021778584392014518 0.01838392475416845
0 0.8502722323049002 0.711842667806755 0.02722323049001815 0.01881145788798632
0 0.6954022988505747 0.804831124412142 0.030852994555353903 0.016673792218896963
0 0.6950998185117967 0.5143223599828987 0.02661826981246219 0.017101325352714837
0 0.6929824561403509 0.43736639589568194 0.02601330913490623 0.017101325352714837
0 0.8514821536600121 0.43715262932877297 0.023593466424682397 0.017528858486532708
0 0.853599516031458 0.22851646002565199 0.024198427102238355 0.017528858486532708
0 0.6966122202056866 0.6053869174861052 0.029643073200241985 0.01881145788798632
0 0.852389594676346 0.5739632321504916 0.03145795523290986 0.016673792218896963
0 0.8517846339987901 0.37644292432663534 0.024198427102238355 0.01838392475416845
0 0.6938898971566848 0.48097477554510476 0.029038112522686024 0.01881145788798632
0 0.852389594676346 0.5431808465156049 0.02661826981246219 0.017528858486532708
0 0.852692075015124 0.6474989311671655 0.02722323049001815 0.016673792218896963
0 0.852692075015124 0.6804189824711415 0.02601330913490623 0.017528858486532708
0 0.6938898971566848 0.18063274903805046 0.029038112522686024 0.017528858486532708
0 0.6963097398669087 0.6808465156049593 0.029038112522686024 0.01581872595126122
0 0.6929824561403509 0.40551517742625054 0.02722323049001815 0.01923899102180419
0 0.6929824561403509 0.5433946130825139 0.030852994555353903 0.017101325352714837
0 0.6938898971566848 0.7740487387772552 0.029038112522686024 0.016673792218896963
0 0.6941923774954628 0.22958529286019666 0.024803387779794312 0.01881145788798632
0 0.6938898971566848 0.28751603249251817 0.024198427102238355 0.01838392475416845
0 0.8514821536600121 0.5126122274476272 0.028433151845130067 0.017101325352714837
0 0.6944948578342408 0.3758016246259085 0.029038112522686024 0.017101325352714837
0 0.852389594676346 0.8621205643437366 0.02661826981246219 0.022659256092347157
0 0.852389594676346 0.7738349722103463 0.02661826981246219 0.017101325352714837
0 0.8514821536600121 0.8050448909790509 0.019963702359346643 0.017101325352714837
0 0.852994555353902 0.18170158187259514 0.02661826981246219 0.01881145788798632
0 0.8539019963702359 0.6056006840530141 0.029643073200241985 0.01838392475416845
0 0.6944948578342408 0.7124839675074818 0.029038112522686024 0.020094057289439932
0 0.6938898971566848 0.7432663531423686 0.029038112522686024 0.016673792218896963
0 0.6941923774954628 0.5739632321504916 0.024803387779794312 0.020949123557075674
0 0.853599516031458 0.4065840102607952 0.029038112522686024 0.020521590423257803
0 0.6941923774954628 0.6498503634031637 0.028433151845130067 0.01881145788798632
0 0.8514821536600121 0.7426250534416418 0.024803387779794312 0.015391192817443352
0 0.852389594676346 0.2868747327917914 0.02661826981246219 0.020521590423257803
