0 0.7061668681983071 0.24711415134672937 0.018137847642079808 0.012825994014536126
0 0.8548972188633616 0.3153056861906798 0.016928657799274487 0.011543394613082514
0 0.7061668681983071 0.1652415562206071 0.018137847642079808 0.011543394613082514
0 0.7064691656590084 0.635741769987174 0.017533252720677146 0.012825994014536126
0 0.8551995163240629 0.675502351432236 0.017533252720677146 0.012825994014536126
0 0.8518742442563483 0.6124412141941 0.018137847642079808 0.013253527148353997
0 0.7061668681983071 0.31573321932449766 0.018137847642079808 0.01410859341598974
0 0.7067714631197098 0.711842667806755 0.018137847642079808 0.011115861479264643
0 0.8548972188633616 0.635528003420265 0.018137847642079808 0.012398460880718255
0 0.8551995163240629 0.16609662248824283 0.018742442563482467 0.013253527148353997
0 0.8570133010882709 0.24711415134672937 0.021160822249093107 0.015391192817443352
0 0.7043530834340992 0.4593843522873023 0.018137847642079808 0.01410859341598974
0 0.7079806529625151 0.48225737494655835 0.02176541717049577 0.013681060282171868
0 0.8561064087061668 0.4824711415134673 0.019347037484885126 0.011543394613082514
0 0.8536880290205562 0.7475416844805473 0.018137847642079808 0.010688328345446772
0 0.8533857315598549 0.4593843522873023 0.018742442563482467 0.011543394613082514
0 0.7061668681983071 0.5508764429243266 0.018137847642079808 0.012398460880718255
0 0.7082829504232164 0.5286447199657973 0.018742442563482467 0.01410859341598974
0 0.8567110036275696 0.39589568191534846 0.018137847642079808 0.012825994014536126
0 0.8548972188633616 0.5515177426250535 0.018137847642079808 0.011970927746900385
0 0.7061668681983071 0.3961094484822574 0.018137847642079808 0.011543394613082514
0 0.7052599758162031 0.6120136810602822 0.01995163240628779 0.01410859341598974
0 0.7061668681983071 0.6759298845660539 0.018137847642079808 0.013681060282171868
0 0.8558041112454655 0.5280034202650705 0.016324062877871828 0.012825994014536126
0 0.7064691656590084 0.7479692176143651 0.017533252720677146 0.011543394613082514
0 0.8545949214026602 0.7116289012398461 0.01995163240628779 0.011543394613082514
