0 0.11029411764705882 0.815 0.017058823529411765 0.01090909090909091
0 0.7664705882352941 0.45022727272727275 0.01411764705882353 0.009545454545454546
0 0.10764705882352942 0.4175 0.015294117647058824 0.009545454545454546
0 0.135 0.1690909090909091 0.014705882352941176 0.01
0 0.10852941176470589 0.15204545454545454 0.013529411764705882 0.010454545454545454
0 0.13558823529411765 0.2784090909090909 0.012352941176470587 0.009545454545454546
0 0.13323529411764706 0.6609090909090909 0.013529411764705882 0.01090909090909091
0 0.10764705882352942 0.695 0.015294117647058824 0.01090909090909091
0 0.13470588235294118 0.2406818181818182 0.01411764705882353 0.011363636363636364
0 0.13588235294117648 0.3381818181818182 0.012941176470588235 0.011818181818181818
0 0.10823529411764705 0.09886363636363636 0.01411764705882353 0.010454545454545454
0 0.10823529411764705 0.5027272727272727 0.01411764705882353 0.01090909090909091
0 0.10882352941176471 0.5761363636363637 0.01411764705882353 0.010454545454545454
0 0.6164705882352941 0.4506818181818182 0.01411764705882353 0.010454545454545454
