0 0.05588235294117647 0.68 0.018823529411764704 0.012727272727272728
0 0.42558823529411766 0.4047727272727273 0.01588235294117647 0.012272727272727272
0 0.42558823529411766 0.3820454545454545 0.01588235294117647 0.012272727272727272
0 0.2485294117647059 0.4047727272727273 0.01588235294117647 0.012272727272727272
0 0.05588235294117647 0.7484090909090909 0.018823529411764704 0.014090909090909091
0 0.05411764705882353 0.7711363636363636 0.018823529411764704 0.015909090909090907
0 0.5308823529411765 0.3820454545454545 0.01588235294117647 0.012272727272727272
0 0.7020588235294117 0.3820454545454545 0.01588235294117647 0.012272727272727272
0 0.7020588235294117 0.4047727272727273 0.01588235294117647 0.012272727272727272
0 0.07852941176470589 0.4047727272727273 0.01588235294117647 0.012272727272727272
0 0.5844117647058824 0.35204545454545455 0.01588235294117647 0.012272727272727272
0 0.36676470588235294 0.35204545454545455 0.01588235294117647 0.012272727272727272
0 0.05588235294117647 0.6577272727272727 0.018823529411764704 0.014545454545454545
