0 0.08970588235294118 0.7438636363636364 0.01588235294117647 0.012272727272727272
0 0.08970588235294118 0.4406818181818182 0.01588235294117647 0.012272727272727272
0 0.08970588235294118 0.7620454545454546 0.01588235294117647 0.012272727272727272
0 0.08970588235294118 0.2884090909090909 0.01588235294117647 0.012272727272727272
0 0.08970588235294118 0.11431818181818182 0.01588235294117647 0.012272727272727272
0 0.08970588235294118 0.6075 0.01588235294117647 0.012272727272727272
0 0.08970588235294118 0.4597727272727273 0.01588235294117647 0.012272727272727272
0 0.08970588235294118 0.26477272727272727 0.01588235294117647 0.012272727272727272
0 0.08970588235294118 0.5884090909090909 0.01588235294117647 0.012272727272727272
0 0.08970588235294118 0.13795454545454544 0.01588235294117647 0.012272727272727272
