0 0.07823529411764706 0.6861363636363637 0.01647058823529412 0.012272727272727272
0 0.07882352941176471 0.4925 0.01647058823529412 0.012272727272727272
0 0.135 0.6272727272727273 0.01588235294117647 0.012727272727272728
0 0.7252941176470589 0.7620454545454546 0.01647058823529412 0.012272727272727272
0 0.135 0.5968181818181818 0.01588235294117647 0.012727272727272728
0 0.07823529411764706 0.7315909090909091 0.01647058823529412 0.012272727272727272
0 0.135 0.6572727272727272 0.01588235294117647 0.012727272727272728
0 0.07794117647058824 0.5525 0.01588235294117647 0.012272727272727272
0 0.4429411764705882 0.7620454545454546 0.01647058823529412 0.012272727272727272
0 0.6070588235294118 0.7620454545454546 0.01647058823529412 0.012272727272727272
0 0.07794117647058824 0.5229545454545454 0.01588235294117647 0.012272727272727272
0 0.5252941176470588 0.7620454545454546 0.01647058823529412 0.012272727272727272
