0 0.09735294117647059 0.6815909090909091 0.01588235294117647 0.012272727272727272
0 0.09735294117647059 0.6511363636363636 0.01588235294117647 0.012272727272727272
0 0.0738235294117647 0.6056818181818182 0.01588235294117647 0.012272727272727272
0 0.09735294117647059 0.6661363636363636 0.01588235294117647 0.012272727272727272
0 0.705 0.8613636363636363 0.02176470588235294 0.019090909090909092
0 0.0738235294117647 0.7043181818181818 0.01588235294117647 0.012272727272727272
0 0.0738235294117647 0.8025 0.01588235294117647 0.012272727272727272
0 0.705 0.8309090909090909 0.02176470588235294 0.019090909090909092
0 0.0738235294117647 0.5147727272727273 0.01588235294117647 0.012272727272727272
0 0.0738235294117647 0.5297727272727273 0.01588235294117647 0.012272727272727272
0 0.0738235294117647 0.33295454545454545 0.01588235294117647 0.012272727272727272
0 0.0738235294117647 0.5452272727272728 0.01588235294117647 0.012272727272727272
