0 0.04411764705882353 0.6177272727272727 0.01411764705882353 0.007272727272727273
0 0.04294117647058823 0.09954545454545455 0.011764705882352941 0.01090909090909091
0 0.04294117647058823 0.18136363636363637 0.011764705882352941 0.01090909090909091
0 0.6064705882352941 0.6302272727272727 0.01411764705882353 0.010454545454545454
0 0.04441176470588235 0.0775 0.014705882352941176 0.011363636363636364
0 0.04294117647058823 0.15840909090909092 0.011764705882352941 0.012272727272727272
0 0.04441176470588235 0.6720454545454545 0.013529411764705882 0.010454545454545454
0 0.042352941176470586 0.25113636363636366 0.01411764705882353 0.008636363636363636
0 0.04441176470588235 0.12318181818181818 0.014705882352941176 0.01090909090909091
0 0.04176470588235294 0.75 0.01411764705882353 0.01090909090909091
0 0.3382352941176471 0.62 0.01411764705882353 0.00909090909090909
0 0.33588235294117647 0.6295454545454545 0.01411764705882353 0.00909090909090909
0 0.04411764705882353 0.2275 0.01411764705882353 0.009545454545454546
0 0.043823529411764706 0.6313636363636363 0.014705882352941176 0.00909090909090909
0 0.04147058823529412 0.041363636363636366 0.012352941176470587 0.01090909090909091
