0 0.9355251921434671 0.0908267954133977 0.017079419299743808 0.023536511768255886
0 0.2929120409906063 0.19704284852142426 0.018787361229718188 0.024743512371756187
0 0.968403074295474 0.21062160531080265 0.017079419299743808 0.024140012070006035
0 0.2931255337318531 0.1632468316234158 0.018360375747224593 0.023536511768255886
0 0.2931255337318531 0.12824381412190705 0.015798462852263023 0.02112251056125528
0 0.32643040136635354 0.12824381412190705 0.017506404782237403 0.022329511164755584
0 0.2939795046968403 0.4287869643934822 0.016652433817250213 0.023536511768255886
0 0.2937660119555935 0.23083886541943271 0.017079419299743808 0.024743512371756187
0 0.3277113578138343 0.7263126131563066 0.016652433817250213 0.024743512371756187
0 0.3272843723313407 0.23083886541943271 0.015798462852263023 0.023536511768255886
0 0.32792485055508114 0.4284852142426071 0.017079419299743808 0.024140012070006035
0 0.2931255337318531 0.7272178636089318 0.018360375747224593 0.024140012070006035
0 0.9357386848847139 0.21031985515992757 0.017506404782237403 0.024743512371756187
0 0.3272843723313407 0.19493059746529873 0.015798462852263023 0.024140012070006035
0 0.9688300597779675 0.09052504526252263 0.015371477369769428 0.024140012070006035
0 0.3272843723313407 0.16113458056729027 0.015798462852263023 0.024140012070006035
