0 0.2088235294117647 0.37318181818181817 0.029411764705882353 0.022727272727272728
0 0.8964705882352941 0.37318181818181817 0.029411764705882353 0.022727272727272728
0 0.2088235294117647 0.860909090909091 0.029411764705882353 0.022727272727272728
0 0.8964705882352941 0.495 0.029411764705882353 0.022727272727272728
0 0.2088235294117647 0.7386363636363636 0.029411764705882353 0.022727272727272728
0 0.8964705882352941 0.6168181818181818 0.029411764705882353 0.022727272727272728
0 0.2088235294117647 0.6168181818181818 0.029411764705882353 0.022727272727272728
0 0.8964705882352941 0.7386363636363636 0.029411764705882353 0.022727272727272728
0 0.2088235294117647 0.495 0.029411764705882353 0.022727272727272728
0 0.8964705882352941 0.860909090909091 0.029411764705882353 0.022727272727272728
