0 0.3914705882352941 0.635 0.01 0.006363636363636364
0 0.9135294117647059 0.9790909090909091 0.012941176470588235 0.006363636363636364
0 0.3911764705882353 0.6463636363636364 0.009411764705882352 0.007272727272727273
0 0.39088235294117646 0.5386363636363637 0.007647058823529412 0.005454545454545455
0 0.39088235294117646 0.6227272727272727 0.007647058823529412 0.005454545454545455
0 0.39088235294117646 0.9036363636363637 0.008823529411764706 0.007272727272727273
0 0.39088235294117646 0.7270454545454546 0.008823529411764706 0.005909090909090909
0 0.08 0.33136363636363636 0.00823529411764706 0.007272727272727273
0 0.39088235294117646 0.8218181818181818 0.007647058823529412 0.006363636363636364
0 0.3905882352941176 0.44636363636363635 0.007058823529411765 0.005454545454545455
0 0.39088235294117646 0.7993181818181818 0.007647058823529412 0.005
0 0.39029411764705885 0.7163636363636363 0.008823529411764706 0.004545454545454545
0 0.07911764705882353 0.3477272727272727 0.008823529411764706 0.008181818181818182
0 0.39029411764705885 0.8106818181818182 0.008823529411764706 0.006818181818181818
0 0.39088235294117646 0.4572727272727273 0.007647058823529412 0.006363636363636364
0 0.8179411764705883 0.14113636363636364 0.01 0.006818181818181818
0 0.39029411764705885 0.8929545454545454 0.008823529411764706 0.005909090909090909
0 0.39088235294117646 0.4681818181818182 0.007647058823529412 0.005454545454545455
0 0.39088235294117646 0.5493181818181818 0.008823529411764706 0.005
