0 0.34794117647058825 0.6595454545454545 0.008823529411764706 0.007272727272727273
0 0.06794117647058824 0.8286363636363636 0.01 0.007272727272727273
0 0.1264705882352941 0.3675 0.009411764705882352 0.005
0 0.5735294117647058 0.3502272727272727 0.009411764705882352 0.006818181818181818
0 0.3773529411764706 0.8281818181818181 0.012352941176470587 0.007272727272727273
0 0.04058823529411765 0.6609090909090909 0.011764705882352941 0.007272727272727273
0 0.3488235294117647 0.6777272727272727 0.011764705882352941 0.005454545454545455
0 0.21588235294117647 0.4240909090909091 0.009411764705882352 0.005454545454545455
0 0.6923529411764706 0.3675 0.007058823529411765 0.005
0 0.3973529411764706 0.42568181818181816 0.01 0.005909090909090909
0 0.03852941176470588 0.6793181818181818 0.011176470588235295 0.007727272727272728
0 0.0711764705882353 0.7620454545454546 0.011764705882352941 0.005909090909090909
0 0.35 0.3522727272727273 0.009411764705882352 0.007272727272727273
0 0.06911764705882353 0.47863636363636364 0.007647058823529412 0.005454545454545455
