0 0.12676470588235295 0.8038636363636363 0.01588235294117647 0.013181818181818182
0 0.13323529411764706 0.6320454545454546 0.01588235294117647 0.013181818181818182
0 0.6491176470588236 0.175 0.013529411764705882 0.00909090909090909
0 0.0826470588235294 0.6852272727272727 0.01588235294117647 0.013181818181818182
0 0.0826470588235294 0.4661363636363636 0.01588235294117647 0.013181818181818182
0 0.12676470588235295 0.7661363636363636 0.01588235294117647 0.013181818181818182
0 0.0826470588235294 0.43477272727272726 0.01588235294117647 0.013181818181818182
0 0.125 0.8579545454545454 0.01588235294117647 0.013181818181818182
0 0.10558823529411765 0.7215909090909091 0.01588235294117647 0.013181818181818182
0 0.0826470588235294 0.5575 0.01588235294117647 0.013181818181818182
0 0.10558823529411765 0.7406818181818182 0.01588235294117647 0.013181818181818182
0 0.0826470588235294 0.7038636363636364 0.01588235294117647 0.013181818181818182
0 0.125 0.8834090909090909 0.01588235294117647 0.013181818181818182
0 0.0826470588235294 0.5761363636363637 0.01588235294117647 0.013181818181818182
0 0.13323529411764706 0.6129545454545454 0.01588235294117647 0.013181818181818182
