0 0.3779411764705882 0.1859090909090909 0.007647058823529412 0.006363636363636364
0 0.37941176470588234 0.4318181818181818 0.010588235294117647 0.008181818181818182
0 0.37941176470588234 0.5856818181818182 0.010588235294117647 0.009545454545454546
0 0.3788235294117647 0.15954545454545455 0.009411764705882352 0.008181818181818182
0 0.3788235294117647 0.56 0.011764705882352941 0.00909090909090909
0 0.37823529411764706 0.6397727272727273 0.010588235294117647 0.007727272727272728
0 0.3791176470588235 0.2425 0.011176470588235295 0.006818181818181818
0 0.3779411764705882 0.3859090909090909 0.013529411764705882 0.007272727272727273
0 0.38088235294117645 0.5731818181818182 0.012352941176470587 0.007272727272727273
0 0.37823529411764706 0.5997727272727272 0.010588235294117647 0.007727272727272728
0 0.3791176470588235 0.17386363636363636 0.012352941176470587 0.009545454545454546
0 0.3785294117647059 0.39954545454545454 0.01 0.00909090909090909
0 0.3785294117647059 0.22863636363636364 0.01 0.008181818181818182
0 0.3788235294117647 0.3734090909090909 0.011764705882352941 0.008636363636363636
0 0.37823529411764706 0.1990909090909091 0.009411764705882352 0.008181818181818182
0 0.3788235294117647 0.3597727272727273 0.011764705882352941 0.008636363636363636
0 0.3773529411764706 0.6527272727272727 0.011176470588235295 0.008181818181818182
0 0.3788235294117647 0.44522727272727275 0.011764705882352941 0.011363636363636364
