0 0.11382352941176471 0.24295454545454545 0.01588235294117647 0.010454545454545454
0 0.7229411764705882 0.6175 0.011764705882352941 0.007727272727272728
0 0.4738235294117647 0.8259090909090909 0.012352941176470587 0.00909090909090909
0 0.5841176470588235 0.6175 0.011764705882352941 0.007727272727272728
0 0.45705882352941174 0.6163636363636363 0.011764705882352941 0.00909090909090909
0 0.31029411764705883 0.6165909090909091 0.013529411764705882 0.009545454545454546
0 0.14205882352941177 0.8247727272727273 0.011176470588235295 0.010454545454545454
0 0.2376470588235294 0.24204545454545454 0.01411764705882353 0.009545454545454546
0 0.23941176470588235 0.8259090909090909 0.01411764705882353 0.00909090909090909
0 0.5561764705882353 0.826590909090909 0.01588235294117647 0.010454545454545454
