0 0.08441176470588235 0.4465909090909091 0.01588235294117647 0.012272727272727272
0 0.565 0.7025 0.01588235294117647 0.012272727272727272
0 0.4702941176470588 0.7479545454545454 0.01588235294117647 0.012272727272727272
0 0.08441176470588235 0.5525 0.01588235294117647 0.012272727272727272
0 0.08441176470588235 0.4315909090909091 0.01588235294117647 0.012272727272727272
0 0.08441176470588235 0.5375 0.01588235294117647 0.012272727272727272
0 0.3185294117647059 0.7479545454545454 0.01588235294117647 0.012272727272727272
0 0.08441176470588235 0.4843181818181818 0.01588235294117647 0.012272727272727272
0 0.47205882352941175 0.7025 0.01588235294117647 0.012272727272727272
0 0.08441176470588235 0.5679545454545455 0.01588235294117647 0.012272727272727272
0 0.08441176470588235 0.5225 0.01588235294117647 0.012272727272727272
0 0.5655882352941176 0.7479545454545454 0.01588235294117647 0.012272727272727272
0 0.3185294117647059 0.7025 0.01588235294117647 0.012272727272727272
