0 0.6160822249093107 0.28131680205215903 0.022974607013301087 0.015391192817443352
0 0.6154776299879081 0.612654980761009 0.018137847642079808 0.012825994014536126
0 0.6151753325272068 0.33732364258230013 0.021160822249093107 0.01453612654980761
0 0.7321644498186215 0.8065412569474134 0.016928657799274487 0.013253527148353997
0 0.7330713422007256 0.3648995297135528 0.017533252720677146 0.013253527148353997
0 0.7342805320435308 0.5855066267635741 0.01995163240628779 0.012398460880718255
0 0.7330713422007256 0.2539546814878153 0.018742442563482467 0.011970927746900385
0 0.7342805320435308 0.6419410004275331 0.01995163240628779 0.01581872595126122
0 0.7336759371221282 0.7509619495510902 0.016324062877871828 0.012398460880718255
0 0.7345828295042321 0.6964514749893117 0.018137847642079808 0.013681060282171868
0 0.7330713422007256 0.3093202223172296 0.021160822249093107 0.01410859341598974
0 0.6160822249093107 0.6684480547242412 0.016928657799274487 0.011543394613082514
0 0.7336759371221282 0.42112013681060284 0.016324062877871828 0.012825994014536126
