0 0.05382352941176471 0.24772727272727274 0.019411764705882354 0.00909090909090909
0 0.773235294117647 0.1340909090909091 0.019411764705882354 0.00909090909090909
0 0.07970588235294118 0.20227272727272727 0.019411764705882354 0.00909090909090909
0 0.19794117647058823 0.17954545454545454 0.019411764705882354 0.00909090909090909
0 0.22794117647058823 0.20227272727272727 0.019411764705882354 0.00909090909090909
0 0.5385294117647059 0.24772727272727274 0.019411764705882354 0.00909090909090909
0 0.05382352941176471 0.27045454545454545 0.019411764705882354 0.00909090909090909
0 0.5526470588235294 0.1340909090909091 0.019411764705882354 0.00909090909090909
0 0.3897058823529412 0.17954545454545454 0.019411764705882354 0.00909090909090909
0 0.09205882352941176 0.4890909090909091 0.019411764705882354 0.00909090909090909
0 0.893235294117647 0.9588636363636364 0.03235294117647059 0.020454545454545454
0 0.05382352941176471 0.29318181818181815 0.019411764705882354 0.00909090909090909
0 0.08970588235294118 0.1340909090909091 0.019411764705882354 0.00909090909090909
0 0.49205882352941177 0.17954545454545454 0.019411764705882354 0.00909090909090909
0 0.08970588235294118 0.17954545454545454 0.019411764705882354 0.00909090909090909
0 0.8114705882352942 0.9588636363636364 0.03235294117647059 0.020454545454545454
0 0.165 0.62 0.019411764705882354 0.00909090909090909
0 0.6714705882352942 0.1340909090909091 0.019411764705882354 0.00909090909090909
0 0.7502941176470588 0.36045454545454547 0.019411764705882354 0.00909090909090909
0 0.05382352941176471 0.62 0.019411764705882354 0.00909090909090909
0 0.5744117647058824 0.36045454545454547 0.019411764705882354 0.00909090909090909
0 0.09088235294117647 0.36045454545454547 0.019411764705882354 0.00909090909090909
