0 0.6679411764705883 0.24431818181818182 0.01588235294117647 0.012272727272727272
0 0.04941176470588235 0.31136363636363634 0.01411764705882353 0.01090909090909091
0 0.8591176470588235 0.24431818181818182 0.01588235294117647 0.012272727272727272
0 0.3623529411764706 0.34545454545454546 0.01411764705882353 0.01090909090909091
0 0.658235294117647 0.2809090909090909 0.01411764705882353 0.01090909090909091
0 0.3623529411764706 0.3118181818181818 0.01411764705882353 0.01090909090909091
0 0.6679411764705883 0.20204545454545456 0.01588235294117647 0.012272727272727272
0 0.04941176470588235 0.3568181818181818 0.01411764705882353 0.01090909090909091
0 0.04941176470588235 0.28136363636363637 0.01411764705882353 0.01090909090909091
0 0.3623529411764706 0.28136363636363637 0.01411764705882353 0.01090909090909091
0 0.7655882352941177 0.20204545454545456 0.01588235294117647 0.012272727272727272
0 0.658235294117647 0.2959090909090909 0.01411764705882353 0.01090909090909091
0 0.04941176470588235 0.2963636363636364 0.01411764705882353 0.01090909090909091
0 0.04941176470588235 0.3418181818181818 0.01411764705882353 0.01090909090909091
0 0.3623529411764706 0.2968181818181818 0.01411764705882353 0.01090909090909091
0 0.04941176470588235 0.37227272727272726 0.01411764705882353 0.01090909090909091
0 0.7655882352941177 0.24431818181818182 0.01588235294117647 0.012272727272727272
0 0.3623529411764706 0.36818181818181817 0.01411764705882353 0.01090909090909091
