0 0.678235294117647 0.41818181818181815 0.012941176470588235 0.01
0 0.4152941176470588 0.4636363636363636 0.012941176470588235 0.01
0 0.6958823529411765 0.4636363636363636 0.012941176470588235 0.01
0 0.3594117647058824 0.38772727272727275 0.012941176470588235 0.01
0 0.07647058823529412 0.5295454545454545 0.012941176470588235 0.01
0 0.4152941176470588 0.5295454545454545 0.012941176470588235 0.01
0 0.07647058823529412 0.41818181818181815 0.012941176470588235 0.01
0 0.3594117647058824 0.41818181818181815 0.012941176470588235 0.01
0 0.4152941176470588 0.4918181818181818 0.012941176470588235 0.01
0 0.678235294117647 0.38772727272727275 0.012941176470588235 0.01
0 0.1635294117647059 0.885 0.012941176470588235 0.01
0 0.07647058823529412 0.4918181818181818 0.012941176470588235 0.01
0 0.07647058823529412 0.38772727272727275 0.012941176470588235 0.01
0 0.06411764705882353 0.885 0.012941176470588235 0.01
0 0.07647058823529412 0.4636363636363636 0.012941176470588235 0.01
0 0.6958823529411765 0.4918181818181818 0.012941176470588235 0.01
