0 0.07088235294117647 0.7743181818181818 0.01588235294117647 0.012272727272727272
0 0.8026470588235294 0.45386363636363636 0.01588235294117647 0.012272727272727272
0 0.07088235294117647 0.8643181818181818 0.01588235294117647 0.012272727272727272
0 0.07088235294117647 0.7225 0.01588235294117647 0.012272727272727272
0 0.4285294117647059 0.08568181818181818 0.01588235294117647 0.012272727272727272
0 0.4238235294117647 0.7215909090909091 0.01588235294117647 0.012272727272727272
0 0.07088235294117647 0.6375 0.01588235294117647 0.012272727272727272
0 0.4238235294117647 0.6861363636363637 0.01588235294117647 0.012272727272727272
0 0.4238235294117647 0.7034090909090909 0.01588235294117647 0.012272727272727272
0 0.4238235294117647 0.6361363636363636 0.01588235294117647 0.012272727272727272
0 0.4238235294117647 0.8456818181818182 0.01588235294117647 0.012272727272727272
0 0.07088235294117647 0.7561363636363636 0.01588235294117647 0.012272727272727272
0 0.6885294117647058 0.803409090909091 0.01588235294117647 0.012272727272727272
0 0.4238235294117647 0.7943181818181818 0.01588235294117647 0.012272727272727272
0 0.4238235294117647 0.7388636363636364 0.01588235294117647 0.012272727272727272
0 0.07088235294117647 0.6720454545454545 0.01588235294117647 0.012272727272727272
0 0.12382352941176471 0.34386363636363637 0.01588235294117647 0.012272727272727272
0 0.6885294117647058 0.7052272727272727 0.01588235294117647 0.012272727272727272
0 0.6885294117647058 0.7843181818181818 0.01588235294117647 0.012272727272727272
0 0.8026470588235294 0.48704545454545456 0.01588235294117647 0.012272727272727272
0 0.4973529411764706 0.4775 0.01588235294117647 0.012272727272727272
0 0.6885294117647058 0.7452272727272727 0.01588235294117647 0.012272727272727272
0 0.07088235294117647 0.8270454545454545 0.01588235294117647 0.012272727272727272
0 0.4238235294117647 0.7588636363636364 0.01588235294117647 0.012272727272727272
0 0.48264705882352943 0.9429545454545455 0.01588235294117647 0.012272727272727272
0 0.0661764705882353 0.47659090909090907 0.01588235294117647 0.012272727272727272
0 0.6391176470588236 0.4552272727272727 0.01588235294117647 0.012272727272727272
0 0.6391176470588236 0.47704545454545455 0.01588235294117647 0.012272727272727272
0 0.615 0.9106818181818181 0.01588235294117647 0.012272727272727272
0 0.8673529411764705 0.9429545454545455 0.01588235294117647 0.012272727272727272
0 0.6885294117647058 0.7643181818181818 0.01588235294117647 0.012272727272727272
0 0.07088235294117647 0.7388636363636364 0.01588235294117647 0.012272727272727272
0 0.3185294117647059 0.9429545454545455 0.01588235294117647 0.012272727272727272
0 0.05617647058823529 0.9429545454545455 0.01588235294117647 0.012272727272727272
0 0.6391176470588236 0.49977272727272726 0.01588235294117647 0.012272727272727272
0 0.4238235294117647 0.6706818181818182 0.01588235294117647 0.012272727272727272
0 0.495 0.5002272727272727 0.01588235294117647 0.012272727272727272
0 0.4238235294117647 0.7761363636363636 0.01588235294117647 0.012272727272727272
0 0.07088235294117647 0.8088636363636363 0.01588235294117647 0.012272727272727272
0 0.05911764705882353 0.34295454545454546 0.01588235294117647 0.012272727272727272
0 0.07088235294117647 0.706590909090909 0.01588235294117647 0.012272727272727272
0 0.4238235294117647 0.8275 0.01588235294117647 0.012272727272727272
0 0.6885294117647058 0.8415909090909091 0.01588235294117647 0.012272727272727272
0 0.4238235294117647 0.6529545454545455 0.01588235294117647 0.012272727272727272
0 0.0661764705882353 0.49886363636363634 0.01588235294117647 0.012272727272727272
0 0.2655882352941176 0.5020454545454546 0.01588235294117647 0.012272727272727272
0 0.2655882352941176 0.45204545454545453 0.01588235294117647 0.012272727272727272
0 0.5414705882352941 0.9102272727272728 0.01588235294117647 0.012272727272727272
0 0.07088235294117647 0.8461363636363637 0.01588235294117647 0.012272727272727272
0 0.07088235294117647 0.6893181818181818 0.01588235294117647 0.012272727272727272
0 0.07088235294117647 0.7925 0.01588235294117647 0.012272727272727272
0 0.07088235294117647 0.6556818181818181 0.01588235294117647 0.012272727272727272
0 0.4238235294117647 0.8106818181818182 0.01588235294117647 0.012272727272727272
0 0.6885294117647058 0.7252272727272727 0.01588235294117647 0.012272727272727272
0 0.4238235294117647 0.8797727272727273 0.01588235294117647 0.012272727272727272
0 0.8026470588235294 0.5025 0.01588235294117647 0.012272727272727272
0 0.4238235294117647 0.8629545454545454 0.01588235294117647 0.012272727272727272
0 0.0661764705882353 0.4561363636363636 0.01588235294117647 0.012272727272727272
0 0.6885294117647058 0.8225 0.01588235294117647 0.012272727272727272
0 0.2655882352941176 0.4793181818181818 0.01588235294117647 0.012272727272727272
0 0.4973529411764706 0.4515909090909091 0.01588235294117647 0.012272727272727272
0 0.36970588235294116 0.08568181818181818 0.01588235294117647 0.012272727272727272
0 0.5908823529411765 0.9429545454545455 0.01588235294117647 0.012272727272727272
0 0.48264705882352943 0.08568181818181818 0.01588235294117647 0.012272727272727272
0 0.8026470588235294 0.47113636363636363 0.01588235294117647 0.012272727272727272
0 0.2326470588235294 0.9429545454545455 0.01588235294117647 0.012272727272727272
0 0.7620588235294118 0.9429545454545455 0.01588235294117647 0.012272727272727272
