0 0.42 0.7229545454545454 0.023529411764705882 0.017727272727272727
0 0.47911764705882354 0.6152272727272727 0.01588235294117647 0.012272727272727272
0 0.4797058823529412 0.9415909090909091 0.01588235294117647 0.012272727272727272
0 0.415 0.295 0.025294117647058825 0.019090909090909092
0 0.4797058823529412 0.9170454545454545 0.01588235294117647 0.012272727272727272
0 0.07088235294117647 0.9165909090909091 0.01588235294117647 0.012272727272727272
0 0.16852941176470587 0.39204545454545453 0.014705882352941176 0.011363636363636364
0 0.3897058823529412 0.6147727272727272 0.01588235294117647 0.012272727272727272
0 0.4173529411764706 0.4531818181818182 0.022941176470588236 0.019090909090909092
0 0.08088235294117647 0.3925 0.014705882352941176 0.011363636363636364
0 0.07088235294117647 0.9402272727272727 0.01588235294117647 0.012272727272727272
0 0.5691176470588235 0.6156818181818182 0.01588235294117647 0.012272727272727272
