0 0.07088235294117647 0.40204545454545454 0.014705882352941176 0.011363636363636364
0 0.13970588235294118 0.21159090909090908 0.014705882352941176 0.011363636363636364
0 0.13970588235294118 0.30977272727272726 0.014705882352941176 0.011363636363636364
0 0.13970588235294118 0.11295454545454546 0.014705882352941176 0.011363636363636364
0 0.07088235294117647 0.21159090909090908 0.014705882352941176 0.011363636363636364
0 0.07088235294117647 0.24886363636363637 0.014705882352941176 0.011363636363636364
0 0.07088235294117647 0.30977272727272726 0.014705882352941176 0.011363636363636364
0 0.13970588235294118 0.40204545454545454 0.014705882352941176 0.011363636363636364
0 0.07088235294117647 0.11295454545454546 0.014705882352941176 0.011363636363636364
0 0.13970588235294118 0.24886363636363637 0.014705882352941176 0.011363636363636364
