0 0.07088235294117647 0.5593181818181818 0.014705882352941176 0.011363636363636364
0 0.07088235294117647 0.7106818181818182 0.014705882352941176 0.011363636363636364
0 0.07088235294117647 0.1375 0.014705882352941176 0.011363636363636364
0 0.07088235294117647 0.1525 0.014705882352941176 0.011363636363636364
0 0.13970588235294118 0.7788636363636363 0.014705882352941176 0.011363636363636364
0 0.07088235294117647 0.37977272727272726 0.014705882352941176 0.011363636363636364
0 0.07088235294117647 0.6425 0.014705882352941176 0.011363636363636364
0 0.07088235294117647 0.3493181818181818 0.014705882352941176 0.011363636363636364
0 0.07088235294117647 0.4456818181818182 0.014705882352941176 0.011363636363636364
0 0.13970588235294118 0.7106818181818182 0.014705882352941176 0.011363636363636364
0 0.07088235294117647 0.5061363636363636 0.014705882352941176 0.011363636363636364
0 0.07088235294117647 0.18295454545454545 0.014705882352941176 0.011363636363636364
0 0.07088235294117647 0.49113636363636365 0.014705882352941176 0.011363636363636364
0 0.13970588235294118 0.10477272727272727 0.014705882352941176 0.011363636363636364
0 0.07088235294117647 0.5970454545454545 0.014705882352941176 0.011363636363636364
0 0.07088235294117647 0.28113636363636363 0.014705882352941176 0.011363636363636364
0 0.07088235294117647 0.21295454545454545 0.014705882352941176 0.011363636363636364
0 0.07088235294117647 0.10477272727272727 0.014705882352941176 0.011363636363636364
0 0.07088235294117647 0.3947727272727273 0.014705882352941176 0.011363636363636364
0 0.07088235294117647 0.6575 0.014705882352941176 0.011363636363636364
0 0.07088235294117647 0.2661363636363636 0.014705882352941176 0.011363636363636364
0 0.06852941176470588 0.8206818181818182 0.014705882352941176 0.011363636363636364
0 0.07088235294117647 0.6275 0.014705882352941176 0.011363636363636364
0 0.13970588235294118 0.5593181818181818 0.014705882352941176 0.011363636363636364
0 0.07088235294117647 0.19795454545454547 0.014705882352941176 0.011363636363636364
0 0.07088235294117647 0.36477272727272725 0.014705882352941176 0.011363636363636364
0 0.07088235294117647 0.4756818181818182 0.014705882352941176 0.011363636363636364
0 0.07088235294117647 0.3115909090909091 0.014705882352941176 0.011363636363636364
0 0.07088235294117647 0.22840909090909092 0.014705882352941176 0.011363636363636364
0 0.13970588235294118 0.5970454545454545 0.014705882352941176 0.011363636363636364
0 0.07088235294117647 0.5211363636363636 0.014705882352941176 0.011363636363636364
0 0.07088235294117647 0.29659090909090907 0.014705882352941176 0.011363636363636364
0 0.13970588235294118 0.4456818181818182 0.014705882352941176 0.011363636363636364
0 0.1373529411764706 0.8206818181818182 0.014705882352941176 0.011363636363636364
0 0.07088235294117647 0.6729545454545455 0.014705882352941176 0.011363636363636364
0 0.07088235294117647 0.7793181818181818 0.014705882352941176 0.011363636363636364
0 0.07088235294117647 0.1675 0.014705882352941176 0.011363636363636364
