0 0.5114705882352941 0.4315909090909091 0.014705882352941176 0.011363636363636364
0 0.5902941176470589 0.4315909090909091 0.014705882352941176 0.011363636363636364
0 0.5020588235294118 0.5829545454545455 0.014705882352941176 0.011363636363636364
0 0.06088235294117647 0.5225 0.014705882352941176 0.011363636363636364
0 0.06088235294117647 0.5829545454545455 0.014705882352941176 0.011363636363636364
0 0.7079411764705882 0.3861363636363636 0.014705882352941176 0.011363636363636364
0 0.335 0.5829545454545455 0.014705882352941176 0.011363636363636364
0 0.5114705882352941 0.47704545454545455 0.014705882352941176 0.011363636363636364
0 0.5902941176470589 0.47704545454545455 0.014705882352941176 0.011363636363636364
0 0.5902941176470589 0.1965909090909091 0.014705882352941176 0.011363636363636364
0 0.5902941176470589 0.3861363636363636 0.014705882352941176 0.011363636363636364
0 0.19794117647058823 0.5829545454545455 0.014705882352941176 0.011363636363636364
0 0.7961764705882353 0.18159090909090908 0.014705882352941176 0.011363636363636364
0 0.6491176470588236 0.1965909090909091 0.014705882352941176 0.011363636363636364
0 0.7173529411764706 0.18159090909090908 0.014705882352941176 0.011363636363636364
0 0.5114705882352941 0.3861363636363636 0.014705882352941176 0.011363636363636364
0 0.26676470588235296 0.3484090909090909 0.014705882352941176 0.011363636363636364
0 0.8155882352941176 0.3861363636363636 0.014705882352941176 0.011363636363636364
0 0.345 0.3484090909090909 0.014705882352941176 0.011363636363636364
0 0.13911764705882354 0.5225 0.014705882352941176 0.011363636363636364
