0 0.08676470588235294 0.11840909090909091 0.014705882352941176 0.011363636363636364
0 0.16558823529411765 0.2534090909090909 0.014705882352941176 0.011363636363636364
0 0.08676470588235294 0.16977272727272727 0.014705882352941176 0.011363636363636364
0 0.14205882352941177 0.5834090909090909 0.014705882352941176 0.011363636363636364
0 0.34088235294117647 0.2534090909090909 0.014705882352941176 0.011363636363636364
0 0.06852941176470588 0.5825 0.014705882352941176 0.011363636363636364
0 0.38735294117647057 0.2534090909090909 0.014705882352941176 0.011363636363636364
0 0.08794117647058823 0.27386363636363636 0.014705882352941176 0.011363636363636364
0 0.06382352941176471 0.7493181818181818 0.014705882352941176 0.011363636363636364
0 0.12735294117647059 0.6315909090909091 0.014705882352941176 0.011363636363636364
0 0.21088235294117647 0.2534090909090909 0.014705882352941176 0.011363636363636364
0 0.38676470588235295 0.20068181818181818 0.014705882352941176 0.011363636363636364
0 0.34205882352941175 0.20068181818181818 0.014705882352941176 0.011363636363636364
0 0.06382352941176471 0.7865909090909091 0.014705882352941176 0.011363636363636364
0 0.06794117647058824 0.8734090909090909 0.014705882352941176 0.011363636363636364
0 0.06441176470588235 0.08159090909090909 0.014705882352941176 0.011363636363636364
0 0.21088235294117647 0.20068181818181818 0.014705882352941176 0.011363636363636364
0 0.12676470588235295 0.8734090909090909 0.014705882352941176 0.011363636363636364
0 0.12558823529411764 0.2534090909090909 0.014705882352941176 0.011363636363636364
0 0.29911764705882354 0.20068181818181818 0.014705882352941176 0.011363636363636364
0 0.12558823529411764 0.08159090909090909 0.014705882352941176 0.011363636363636364
0 0.08676470588235294 0.22340909090909092 0.014705882352941176 0.011363636363636364
0 0.08676470588235294 0.13477272727272727 0.014705882352941176 0.011363636363636364
0 0.06382352941176471 0.7138636363636364 0.014705882352941176 0.011363636363636364
0 0.25794117647058823 0.20068181818181818 0.014705882352941176 0.011363636363636364
0 0.06852941176470588 0.6315909090909091 0.014705882352941176 0.011363636363636364
0 0.12558823529411764 0.20068181818181818 0.014705882352941176 0.011363636363636364
0 0.12735294117647059 0.5456818181818182 0.014705882352941176 0.011363636363636364
0 0.06382352941176471 0.6788636363636363 0.014705882352941176 0.011363636363636364
0 0.29911764705882354 0.2534090909090909 0.014705882352941176 0.011363636363636364
0 0.12558823529411764 0.44886363636363635 0.014705882352941176 0.011363636363636364
0 0.06558823529411764 0.44886363636363635 0.014705882352941176 0.011363636363636364
0 0.25676470588235295 0.2534090909090909 0.014705882352941176 0.011363636363636364
0 0.06382352941176471 0.8193181818181818 0.014705882352941176 0.011363636363636364
0 0.08676470588235294 0.15159090909090908 0.014705882352941176 0.011363636363636364
0 0.06852941176470588 0.5456818181818182 0.014705882352941176 0.011363636363636364
0 0.06382352941176471 0.6620454545454545 0.014705882352941176 0.011363636363636364
0 0.16558823529411765 0.20068181818181818 0.014705882352941176 0.011363636363636364
