0 0.6132352941176471 0.8795454545454545 0.028823529411764706 0.022727272727272728
0 0.731764705882353 0.25045454545454543 0.024705882352941175 0.019090909090909092
0 0.6426470588235295 0.3825 0.02411764705882353 0.018636363636363635
0 0.37970588235294117 0.4047727272727273 0.02411764705882353 0.018636363636363635
0 0.5435294117647059 0.8795454545454545 0.029411764705882353 0.022727272727272728
0 0.8017647058823529 0.25045454545454543 0.024705882352941175 0.019090909090909092
0 0.5435294117647059 0.8470454545454545 0.029411764705882353 0.022272727272727274
0 0.7544117647058823 0.3597727272727273 0.02411764705882353 0.018636363636363635
0 0.46941176470588236 0.8470454545454545 0.029411764705882353 0.022272727272727274
0 0.5576470588235294 0.15295454545454545 0.04352941176470588 0.02772727272727273
0 0.6132352941176471 0.8470454545454545 0.028823529411764706 0.022272727272727274
0 0.6426470588235295 0.3597727272727273 0.02411764705882353 0.018636363636363635
0 0.37970588235294117 0.3597727272727273 0.02411764705882353 0.018636363636363635
0 0.5155882352941177 0.3825 0.02411764705882353 0.018636363636363635
0 0.7544117647058823 0.3825 0.02411764705882353 0.018636363636363635
0 0.6426470588235295 0.4047727272727273 0.02411764705882353 0.018636363636363635
0 0.5155882352941177 0.3597727272727273 0.02411764705882353 0.018636363636363635
0 0.46941176470588236 0.8795454545454545 0.029411764705882353 0.022727272727272728
0 0.37970588235294117 0.3825 0.02411764705882353 0.018636363636363635
