0 0.058529411764705885 0.5952272727272727 0.017058823529411765 0.01681818181818182
0 0.6002941176470589 0.7920454545454545 0.017058823529411765 0.01681818181818182
0 0.5891176470588235 0.8720454545454546 0.014705882352941176 0.011363636363636364
0 0.893235294117647 0.5984090909090909 0.014705882352941176 0.011363636363636364
0 0.058529411764705885 0.701590909090909 0.017058823529411765 0.01681818181818182
0 0.7302941176470589 0.7920454545454545 0.017058823529411765 0.01681818181818182
0 0.3526470588235294 0.701590909090909 0.017058823529411765 0.01681818181818182
0 0.5067647058823529 0.5952272727272727 0.017058823529411765 0.01681818181818182
0 0.5891176470588235 0.8852272727272728 0.014705882352941176 0.011363636363636364
0 0.8232352941176471 0.5984090909090909 0.014705882352941176 0.011363636363636364
