0 0.4061764705882353 0.7870454545454545 0.014705882352941176 0.011363636363636364
0 0.26323529411764707 0.3375 0.014705882352941176 0.011363636363636364
0 0.25794117647058823 0.09522727272727273 0.014705882352941176 0.011363636363636364
0 0.15029411764705883 0.5147727272727273 0.014705882352941176 0.011363636363636364
0 0.1585294117647059 0.12795454545454546 0.014705882352941176 0.011363636363636364
0 0.3220588235294118 0.5147727272727273 0.014705882352941176 0.011363636363636364
0 0.3226470588235294 0.8197727272727273 0.014705882352941176 0.011363636363636364
0 0.3255882352941176 0.6479545454545454 0.014705882352941176 0.011363636363636364
0 0.3220588235294118 0.9334090909090909 0.014705882352941176 0.011363636363636364
0 0.32676470588235296 0.27795454545454545 0.014705882352941176 0.011363636363636364
0 0.23970588235294119 0.27795454545454545 0.014705882352941176 0.011363636363636364
0 0.23852941176470588 0.42204545454545456 0.014705882352941176 0.011363636363636364
0 0.26323529411764707 0.6170454545454546 0.014705882352941176 0.011363636363636364
0 0.325 0.7011363636363637 0.014705882352941176 0.011363636363636364
0 0.15205882352941177 0.8197727272727273 0.014705882352941176 0.011363636363636364
0 0.155 0.3375 0.014705882352941176 0.011363636363636364
0 0.2597058823529412 0.4834090909090909 0.014705882352941176 0.011363636363636364
0 0.3255882352941176 0.36886363636363634 0.014705882352941176 0.011363636363636364
0 0.4061764705882353 0.8488636363636364 0.014705882352941176 0.011363636363636364
0 0.235 0.5675 0.014705882352941176 0.011363636363636364
0 0.23911764705882352 0.22477272727272726 0.014705882352941176 0.011363636363636364
0 0.25441176470588234 0.668409090909091 0.014705882352941176 0.011363636363636364
0 0.32323529411764707 0.7665909090909091 0.014705882352941176 0.011363636363636364
0 0.15205882352941177 0.8493181818181819 0.014705882352941176 0.011363636363636364
0 0.23441176470588235 0.5147727272727273 0.014705882352941176 0.011363636363636364
0 0.40911764705882353 0.668409090909091 0.014705882352941176 0.011363636363636364
0 0.15676470588235294 0.19386363636363638 0.014705882352941176 0.011363636363636364
0 0.25441176470588234 0.38931818181818184 0.014705882352941176 0.011363636363636364
0 0.405 0.5347727272727273 0.014705882352941176 0.011363636363636364
0 0.2361764705882353 0.8197727272727273 0.014705882352941176 0.011363636363636364
0 0.1514705882352941 0.9006818181818181 0.014705882352941176 0.011363636363636364
0 0.40558823529411764 0.9006818181818181 0.014705882352941176 0.011363636363636364
0 0.40911764705882353 0.6170454545454546 0.014705882352941176 0.011363636363636364
0 0.155 0.38931818181818184 0.014705882352941176 0.011363636363636364
0 0.155 0.668409090909091 0.014705882352941176 0.011363636363636364
0 0.155 0.6170454545454546 0.014705882352941176 0.011363636363636364
0 0.3291176470588235 0.12795454545454546 0.014705882352941176 0.011363636363636364
0 0.235 0.9334090909090909 0.014705882352941176 0.011363636363636364
0 0.4126470588235294 0.09522727272727273 0.014705882352941176 0.011363636363636364
0 0.23794117647058824 0.6479545454545454 0.014705882352941176 0.011363636363636364
0 0.15558823529411764 0.22477272727272726 0.014705882352941176 0.011363636363636364
0 0.2514705882352941 0.7870454545454545 0.014705882352941176 0.011363636363636364
0 0.15088235294117647 0.5675 0.014705882352941176 0.011363636363636364
0 0.1585294117647059 0.09522727272727273 0.014705882352941176 0.011363636363636364
0 0.23441176470588235 0.8802272727272727 0.014705882352941176 0.011363636363636364
0 0.3214705882352941 0.5675 0.014705882352941176 0.011363636363636364
0 0.23558823529411765 0.7665909090909091 0.014705882352941176 0.011363636363636364
0 0.25029411764705883 0.5347727272727273 0.014705882352941176 0.011363636363636364
0 0.24205882352941177 0.12795454545454546 0.014705882352941176 0.011363636363636364
0 0.25558823529411767 0.24522727272727274 0.014705882352941176 0.011363636363636364
0 0.40911764705882353 0.38886363636363636 0.014705882352941176 0.011363636363636364
0 0.1514705882352941 0.9334090909090909 0.014705882352941176 0.011363636363636364
0 0.32735294117647057 0.22477272727272726 0.014705882352941176 0.011363636363636364
0 0.1561764705882353 0.24522727272727274 0.014705882352941176 0.011363636363636364
0 0.4067647058823529 0.7352272727272727 0.014705882352941176 0.011363636363636364
0 0.155 0.42204545454545456 0.014705882352941176 0.011363636363636364
0 0.26441176470588235 0.19386363636363638 0.014705882352941176 0.011363636363636364
0 0.40911764705882353 0.3375 0.014705882352941176 0.011363636363636364
0 0.1514705882352941 0.4834090909090909 0.014705882352941176 0.011363636363636364
0 0.1514705882352941 0.5347727272727273 0.014705882352941176 0.011363636363636364
0 0.25088235294117645 0.9006818181818181 0.014705882352941176 0.011363636363636364
0 0.26029411764705884 0.7352272727272727 0.014705882352941176 0.011363636363636364
0 0.1514705882352941 0.7665909090909091 0.014705882352941176 0.011363636363636364
0 0.4102941176470588 0.24522727272727274 0.014705882352941176 0.011363636363636364
0 0.15441176470588236 0.36886363636363634 0.014705882352941176 0.011363636363636364
0 0.1526470588235294 0.7352272727272727 0.014705882352941176 0.011363636363636364
0 0.23852941176470588 0.7011363636363637 0.014705882352941176 0.011363636363636364
0 0.3226470588235294 0.8802272727272727 0.014705882352941176 0.011363636363636364
0 0.1561764705882353 0.27795454545454545 0.014705882352941176 0.011363636363636364
0 0.15088235294117647 0.8802272727272727 0.014705882352941176 0.011363636363636364
0 0.15441176470588236 0.6479545454545454 0.014705882352941176 0.011363636363636364
0 0.155 0.7011363636363637 0.014705882352941176 0.011363636363636364
0 0.40558823529411764 0.4834090909090909 0.014705882352941176 0.011363636363636364
0 0.23794117647058824 0.36886363636363634 0.014705882352941176 0.011363636363636364
0 0.15205882352941177 0.7870454545454545 0.014705882352941176 0.011363636363636364
0 0.325 0.42204545454545456 0.014705882352941176 0.011363636363636364
0 0.4108823529411765 0.19386363636363638 0.014705882352941176 0.011363636363636364
0 0.26029411764705884 0.8497727272727272 0.014705882352941176 0.011363636363636364
