0 0.5708823529411765 0.3634090909090909 0.014705882352941176 0.011363636363636364
0 0.5120588235294118 0.4238636363636364 0.014705882352941176 0.011363636363636364
0 0.26794117647058824 0.08522727272727272 0.014705882352941176 0.011363636363636364
0 0.26794117647058824 0.11568181818181818 0.014705882352941176 0.011363636363636364
0 0.07529411764705882 0.30272727272727273 0.012941176470588235 0.01
0 0.26794117647058824 0.07022727272727272 0.014705882352941176 0.011363636363636364
0 0.33558823529411763 0.5602272727272727 0.014705882352941176 0.011363636363636364
0 0.39441176470588235 0.39431818181818185 0.014705882352941176 0.011363636363636364
0 0.5708823529411765 0.3484090909090909 0.014705882352941176 0.011363636363636364
0 0.33558823529411763 0.5756818181818182 0.014705882352941176 0.011363636363636364
0 0.5120588235294118 0.3484090909090909 0.014705882352941176 0.011363636363636364
0 0.27676470588235297 0.39431818181818185 0.014705882352941176 0.011363636363636364
0 0.5120588235294118 0.4847727272727273 0.014705882352941176 0.011363636363636364
0 0.5120588235294118 0.8988636363636363 0.014705882352941176 0.011363636363636364
0 0.33558823529411763 0.43931818181818183 0.014705882352941176 0.011363636363636364
0 0.39441176470588235 0.33295454545454545 0.014705882352941176 0.011363636363636364
0 0.39441176470588235 0.4088636363636364 0.014705882352941176 0.011363636363636364
0 0.5120588235294118 0.8688636363636364 0.014705882352941176 0.011363636363636364
0 0.5708823529411765 0.5452272727272728 0.014705882352941176 0.011363636363636364
0 0.27676470588235297 0.43931818181818183 0.014705882352941176 0.011363636363636364
0 0.27676470588235297 0.3784090909090909 0.014705882352941176 0.011363636363636364
0 0.5120588235294118 0.4693181818181818 0.014705882352941176 0.011363636363636364
0 0.45323529411764707 0.9143181818181818 0.014705882352941176 0.011363636363636364
0 0.5120588235294118 0.33295454545454545 0.014705882352941176 0.011363636363636364
0 0.39441176470588235 0.4847727272727273 0.014705882352941176 0.011363636363636364
0 0.45323529411764707 0.4238636363636364 0.014705882352941176 0.011363636363636364
0 0.39441176470588235 0.43931818181818183 0.014705882352941176 0.011363636363636364
0 0.5708823529411765 0.49977272727272726 0.014705882352941176 0.011363636363636364
0 0.5120588235294118 0.8079545454545455 0.014705882352941176 0.011363636363636364
0 0.33558823529411763 0.3634090909090909 0.014705882352941176 0.011363636363636364
0 0.45323529411764707 0.8234090909090909 0.014705882352941176 0.011363636363636364
0 0.5708823529411765 0.5147727272727273 0.014705882352941176 0.011363636363636364
0 0.5708823529411765 0.5302272727272728 0.014705882352941176 0.011363636363636364
0 0.27676470588235297 0.7929545454545455 0.014705882352941176 0.011363636363636364
0 0.45323529411764707 0.5147727272727273 0.014705882352941176 0.011363636363636364
0 0.14558823529411766 0.6088636363636364 0.014705882352941176 0.011363636363636364
0 0.45323529411764707 0.8534090909090909 0.014705882352941176 0.011363636363636364
0 0.33558823529411763 0.4847727272727273 0.014705882352941176 0.011363636363636364
0 0.5708823529411765 0.4847727272727273 0.014705882352941176 0.011363636363636364
0 0.45323529411764707 0.8688636363636364 0.014705882352941176 0.011363636363636364
0 0.27676470588235297 0.8079545454545455 0.014705882352941176 0.011363636363636364
0 0.33558823529411763 0.8688636363636364 0.014705882352941176 0.011363636363636364
0 0.45323529411764707 0.4847727272727273 0.014705882352941176 0.011363636363636364
0 0.27676470588235297 0.3484090909090909 0.014705882352941176 0.011363636363636364
0 0.3461764705882353 0.08522727272727272 0.014705882352941176 0.011363636363636364
0 0.27676470588235297 0.5602272727272727 0.014705882352941176 0.011363636363636364
0 0.5708823529411765 0.31795454545454543 0.014705882352941176 0.011363636363636364
0 0.33558823529411763 0.33295454545454545 0.014705882352941176 0.011363636363636364
0 0.5708823529411765 0.33295454545454545 0.014705882352941176 0.011363636363636364
0 0.5120588235294118 0.4088636363636364 0.014705882352941176 0.011363636363636364
0 0.33558823529411763 0.3484090909090909 0.014705882352941176 0.011363636363636364
0 0.39441176470588235 0.8534090909090909 0.014705882352941176 0.011363636363636364
0 0.5708823529411765 0.45431818181818184 0.014705882352941176 0.011363636363636364
0 0.45323529411764707 0.31795454545454543 0.014705882352941176 0.011363636363636364
0 0.45323529411764707 0.5452272727272728 0.014705882352941176 0.011363636363636364
0 0.5120588235294118 0.31795454545454543 0.014705882352941176 0.011363636363636364
0 0.27676470588235297 0.5756818181818182 0.014705882352941176 0.011363636363636364
0 0.33558823529411763 0.9293181818181818 0.014705882352941176 0.011363636363636364
0 0.39441176470588235 0.4238636363636364 0.014705882352941176 0.011363636363636364
0 0.45323529411764707 0.8988636363636363 0.014705882352941176 0.011363636363636364
0 0.5120588235294118 0.5602272727272727 0.014705882352941176 0.011363636363636364
0 0.5120588235294118 0.8838636363636364 0.014705882352941176 0.011363636363636364
0 0.27676470588235297 0.4847727272727273 0.014705882352941176 0.011363636363636364
0 0.33558823529411763 0.45431818181818184 0.014705882352941176 0.011363636363636364
0 0.33558823529411763 0.7929545454545455 0.014705882352941176 0.011363636363636364
0 0.5708823529411765 0.4693181818181818 0.014705882352941176 0.011363636363636364
0 0.415 0.10068181818181818 0.014705882352941176 0.011363636363636364
0 0.39441176470588235 0.4693181818181818 0.014705882352941176 0.011363636363636364
0 0.5120588235294118 0.5302272727272728 0.014705882352941176 0.011363636363636364
0 0.39441176470588235 0.8988636363636363 0.014705882352941176 0.011363636363636364
0 0.39441176470588235 0.5302272727272728 0.014705882352941176 0.011363636363636364
0 0.27676470588235297 0.33386363636363636 0.014705882352941176 0.011363636363636364
0 0.45323529411764707 0.5602272727272727 0.014705882352941176 0.011363636363636364
0 0.45323529411764707 0.8079545454545455 0.014705882352941176 0.011363636363636364
0 0.45323529411764707 0.3634090909090909 0.014705882352941176 0.011363636363636364
0 0.33558823529411763 0.39431818181818185 0.014705882352941176 0.011363636363636364
0 0.27676470588235297 0.8384090909090909 0.014705882352941176 0.011363636363636364
0 0.26794117647058824 0.10068181818181818 0.014705882352941176 0.011363636363636364
0 0.27676470588235297 0.8688636363636364 0.014705882352941176 0.011363636363636364
0 0.5708823529411765 0.4238636363636364 0.014705882352941176 0.011363636363636364
0 0.27676470588235297 0.8534090909090909 0.014705882352941176 0.011363636363636364
0 0.5120588235294118 0.43931818181818183 0.014705882352941176 0.011363636363636364
0 0.45323529411764707 0.3484090909090909 0.014705882352941176 0.011363636363636364
0 0.33558823529411763 0.4693181818181818 0.014705882352941176 0.011363636363636364
0 0.5120588235294118 0.8234090909090909 0.014705882352941176 0.011363636363636364
0 0.27676470588235297 0.3638636363636364 0.014705882352941176 0.011363636363636364
0 0.39441176470588235 0.3784090909090909 0.014705882352941176 0.011363636363636364
0 0.27676470588235297 0.8234090909090909 0.014705882352941176 0.011363636363636364
0 0.39441176470588235 0.5452272727272728 0.014705882352941176 0.011363636363636364
0 0.27676470588235297 0.8988636363636363 0.014705882352941176 0.011363636363636364
0 0.5120588235294118 0.3634090909090909 0.014705882352941176 0.011363636363636364
0 0.45323529411764707 0.4088636363636364 0.014705882352941176 0.011363636363636364
0 0.5226470588235295 0.11568181818181818 0.014705882352941176 0.011363636363636364
0 0.27676470588235297 0.9143181818181818 0.014705882352941176 0.011363636363636364
0 0.415 0.08522727272727272 0.014705882352941176 0.011363636363636364
0 0.39441176470588235 0.9143181818181818 0.014705882352941176 0.011363636363636364
0 0.33558823529411763 0.49977272727272726 0.014705882352941176 0.011363636363636364
0 0.39441176470588235 0.5602272727272727 0.014705882352941176 0.011363636363636364
0 0.5120588235294118 0.8384090909090909 0.014705882352941176 0.011363636363636364
0 0.39441176470588235 0.8384090909090909 0.014705882352941176 0.011363636363636364
0 0.45323529411764707 0.49977272727272726 0.014705882352941176 0.011363636363636364
0 0.39441176470588235 0.8688636363636364 0.014705882352941176 0.011363636363636364
0 0.27676470588235297 0.4238636363636364 0.014705882352941176 0.011363636363636364
0 0.27676470588235297 0.8838636363636364 0.014705882352941176 0.011363636363636364
0 0.27676470588235297 0.5452272727272728 0.014705882352941176 0.011363636363636364
0 0.5708823529411765 0.39431818181818185 0.014705882352941176 0.011363636363636364
0 0.5120588235294118 0.45431818181818184 0.014705882352941176 0.011363636363636364
0 0.39441176470588235 0.8234090909090909 0.014705882352941176 0.011363636363636364
0 0.39441176470588235 0.8079545454545455 0.014705882352941176 0.011363636363636364
0 0.3461764705882353 0.11568181818181818 0.014705882352941176 0.011363636363636364
0 0.5120588235294118 0.5147727272727273 0.014705882352941176 0.011363636363636364
0 0.39441176470588235 0.49977272727272726 0.014705882352941176 0.011363636363636364
0 0.33558823529411763 0.8838636363636364 0.014705882352941176 0.011363636363636364
0 0.45323529411764707 0.3784090909090909 0.014705882352941176 0.011363636363636364
0 0.5120588235294118 0.5452272727272728 0.014705882352941176 0.011363636363636364
0 0.33558823529411763 0.3784090909090909 0.014705882352941176 0.011363636363636364
0 0.5120588235294118 0.49977272727272726 0.014705882352941176 0.011363636363636364
0 0.5226470588235295 0.07022727272727272 0.014705882352941176 0.011363636363636364
0 0.3461764705882353 0.10068181818181818 0.014705882352941176 0.011363636363636364
0 0.45323529411764707 0.5756818181818182 0.014705882352941176 0.011363636363636364
0 0.39441176470588235 0.5756818181818182 0.014705882352941176 0.011363636363636364
0 0.5120588235294118 0.8534090909090909 0.014705882352941176 0.011363636363636364
0 0.07676470588235294 0.6088636363636364 0.014705882352941176 0.011363636363636364
0 0.33558823529411763 0.9143181818181818 0.014705882352941176 0.011363636363636364
0 0.5226470588235295 0.10068181818181818 0.014705882352941176 0.011363636363636364
0 0.39441176470588235 0.8838636363636364 0.014705882352941176 0.011363636363636364
0 0.39441176470588235 0.3634090909090909 0.014705882352941176 0.011363636363636364
0 0.39441176470588235 0.3484090909090909 0.014705882352941176 0.011363636363636364
0 0.5120588235294118 0.39431818181818185 0.014705882352941176 0.011363636363636364
0 0.5120588235294118 0.9143181818181818 0.014705882352941176 0.011363636363636364
0 0.07647058823529412 0.7790909090909091 0.012941176470588235 0.01
0 0.27676470588235297 0.31795454545454543 0.014705882352941176 0.011363636363636364
0 0.27676470588235297 0.45431818181818184 0.014705882352941176 0.011363636363636364
0 0.45323529411764707 0.8384090909090909 0.014705882352941176 0.011363636363636364
0 0.45323529411764707 0.43931818181818183 0.014705882352941176 0.011363636363636364
0 0.415 0.07022727272727272 0.014705882352941176 0.011363636363636364
0 0.33558823529411763 0.5147727272727273 0.014705882352941176 0.011363636363636364
0 0.33558823529411763 0.5302272727272728 0.014705882352941176 0.011363636363636364
0 0.39441176470588235 0.31795454545454543 0.014705882352941176 0.011363636363636364
0 0.33558823529411763 0.31795454545454543 0.014705882352941176 0.011363636363636364
0 0.39441176470588235 0.7929545454545455 0.014705882352941176 0.011363636363636364
0 0.39441176470588235 0.5147727272727273 0.014705882352941176 0.011363636363636364
0 0.27676470588235297 0.5302272727272728 0.014705882352941176 0.011363636363636364
0 0.33558823529411763 0.8534090909090909 0.014705882352941176 0.011363636363636364
0 0.33558823529411763 0.5452272727272728 0.014705882352941176 0.011363636363636364
0 0.45323529411764707 0.7929545454545455 0.014705882352941176 0.011363636363636364
0 0.5120588235294118 0.9293181818181818 0.014705882352941176 0.011363636363636364
0 0.33558823529411763 0.4088636363636364 0.014705882352941176 0.011363636363636364
0 0.5226470588235295 0.08522727272727272 0.014705882352941176 0.011363636363636364
0 0.33558823529411763 0.4238636363636364 0.014705882352941176 0.011363636363636364
0 0.5120588235294118 0.3784090909090909 0.014705882352941176 0.011363636363636364
0 0.39441176470588235 0.9293181818181818 0.014705882352941176 0.011363636363636364
0 0.415 0.11568181818181818 0.014705882352941176 0.011363636363636364
0 0.27676470588235297 0.4088636363636364 0.014705882352941176 0.011363636363636364
0 0.5120588235294118 0.7929545454545455 0.014705882352941176 0.011363636363636364
0 0.3461764705882353 0.07022727272727272 0.014705882352941176 0.011363636363636364
0 0.5708823529411765 0.5602272727272727 0.014705882352941176 0.011363636363636364
0 0.45323529411764707 0.9293181818181818 0.014705882352941176 0.011363636363636364
0 0.39441176470588235 0.45431818181818184 0.014705882352941176 0.011363636363636364
0 0.45323529411764707 0.33295454545454545 0.014705882352941176 0.011363636363636364
0 0.45323529411764707 0.4693181818181818 0.014705882352941176 0.011363636363636364
0 0.27676470588235297 0.5147727272727273 0.014705882352941176 0.011363636363636364
0 0.5120588235294118 0.5756818181818182 0.014705882352941176 0.011363636363636364
0 0.33558823529411763 0.8988636363636363 0.014705882352941176 0.011363636363636364
0 0.5708823529411765 0.3784090909090909 0.014705882352941176 0.011363636363636364
0 0.5708823529411765 0.5756818181818182 0.014705882352941176 0.011363636363636364
0 0.33558823529411763 0.8079545454545455 0.014705882352941176 0.011363636363636364
0 0.45323529411764707 0.8838636363636364 0.014705882352941176 0.011363636363636364
0 0.33558823529411763 0.8234090909090909 0.014705882352941176 0.011363636363636364
0 0.5708823529411765 0.4088636363636364 0.014705882352941176 0.011363636363636364
0 0.5708823529411765 0.43931818181818183 0.014705882352941176 0.011363636363636364
0 0.27676470588235297 0.49977272727272726 0.014705882352941176 0.011363636363636364
0 0.45323529411764707 0.45431818181818184 0.014705882352941176 0.011363636363636364
0 0.45323529411764707 0.39431818181818185 0.014705882352941176 0.011363636363636364
0 0.27676470588235297 0.9293181818181818 0.014705882352941176 0.011363636363636364
0 0.45323529411764707 0.5302272727272728 0.014705882352941176 0.011363636363636364
0 0.27676470588235297 0.4693181818181818 0.014705882352941176 0.011363636363636364
0 0.33558823529411763 0.8384090909090909 0.014705882352941176 0.011363636363636364
