0 0.3138235294117647 0.03704545454545455 0.01588235294117647 0.012272727272727272
0 0.4447058823529412 0.3859090909090909 0.012941176470588235 0.01
0 0.63 0.34045454545454545 0.012941176470588235 0.01
0 0.63 0.265 0.012941176470588235 0.01
0 0.63 0.23454545454545456 0.012941176470588235 0.01
0 0.40794117647058825 0.03704545454545455 0.01588235294117647 0.012272727272727272
0 0.63 0.24954545454545454 0.012941176470588235 0.01
0 0.6211764705882353 0.4618181818181818 0.012941176470588235 0.01
0 0.63 0.32545454545454544 0.012941176470588235 0.01
0 0.45647058823529413 0.4163636363636364 0.012941176470588235 0.01
0 0.7858823529411765 0.34045454545454545 0.012941176470588235 0.01
0 0.7858823529411765 0.265 0.012941176470588235 0.01
0 0.7858823529411765 0.295 0.012941176470588235 0.01
