0 0.07088235294117647 0.9152272727272728 0.014705882352941176 0.011363636363636364
0 0.13911764705882354 0.5665909090909091 0.014705882352941176 0.011363636363636364
0 0.07088235294117647 0.3975 0.014705882352941176 0.011363636363636364
0 0.13911764705882354 0.6652272727272728 0.014705882352941176 0.011363636363636364
0 0.07088235294117647 0.9002272727272728 0.014705882352941176 0.011363636363636364
0 0.13911764705882354 0.08204545454545455 0.014705882352941176 0.011363636363636364
0 0.17852941176470588 0.49386363636363634 0.014705882352941176 0.011363636363636364
0 0.07088235294117647 0.8093181818181818 0.014705882352941176 0.011363636363636364
0 0.07088235294117647 0.8697727272727273 0.014705882352941176 0.011363636363636364
0 0.07029411764705883 0.4784090909090909 0.014705882352941176 0.011363636363636364
0 0.07088235294117647 0.6652272727272728 0.014705882352941176 0.011363636363636364
0 0.13911764705882354 0.3975 0.014705882352941176 0.011363636363636364
0 0.13911764705882354 0.8093181818181818 0.014705882352941176 0.011363636363636364
0 0.07088235294117647 0.3029545454545455 0.014705882352941176 0.011363636363636364
0 0.07088235294117647 0.8393181818181819 0.014705882352941176 0.011363636363636364
0 0.07088235294117647 0.8547727272727272 0.014705882352941176 0.011363636363636364
0 0.24676470588235294 0.4634090909090909 0.014705882352941176 0.011363636363636364
0 0.24676470588235294 0.49386363636363634 0.014705882352941176 0.011363636363636364
0 0.13911764705882354 0.7711363636363636 0.014705882352941176 0.011363636363636364
0 0.07088235294117647 0.31795454545454543 0.014705882352941176 0.011363636363636364
0 0.07088235294117647 0.5975 0.014705882352941176 0.011363636363636364
0 0.07088235294117647 0.8847727272727273 0.014705882352941176 0.011363636363636364
0 0.19794117647058823 0.5665909090909091 0.014705882352941176 0.011363636363636364
0 0.13911764705882354 0.18795454545454546 0.014705882352941176 0.011363636363636364
0 0.07088235294117647 0.5665909090909091 0.014705882352941176 0.011363636363636364
0 0.13911764705882354 0.27886363636363637 0.014705882352941176 0.011363636363636364
0 0.07088235294117647 0.6129545454545454 0.014705882352941176 0.011363636363636364
0 0.07088235294117647 0.3634090909090909 0.014705882352941176 0.011363636363636364
0 0.17852941176470588 0.4634090909090909 0.014705882352941176 0.011363636363636364
0 0.10970588235294118 0.49386363636363634 0.014705882352941176 0.011363636363636364
0 0.07088235294117647 0.18795454545454546 0.014705882352941176 0.011363636363636364
0 0.07088235294117647 0.7711363636363636 0.014705882352941176 0.011363636363636364
0 0.10970588235294118 0.4634090909090909 0.014705882352941176 0.011363636363636364
0 0.07088235294117647 0.08204545454545455 0.014705882352941176 0.011363636363636364
0 0.07088235294117647 0.3484090909090909 0.014705882352941176 0.011363636363636364
0 0.07029411764705883 0.4484090909090909 0.014705882352941176 0.011363636363636364
0 0.07088235294117647 0.33295454545454545 0.014705882352941176 0.011363636363636364
0 0.07088235294117647 0.27886363636363637 0.014705882352941176 0.011363636363636364
0 0.07088235294117647 0.6279545454545454 0.014705882352941176 0.011363636363636364
