0 0.07205882352941176 0.47659090909090907 0.014705882352941176 0.011363636363636364
0 0.07088235294117647 0.9279545454545455 0.014705882352941176 0.011363636363636364
0 0.07205882352941176 0.3861363636363636 0.014705882352941176 0.011363636363636364
0 0.07205882352941176 0.7043181818181818 0.014705882352941176 0.011363636363636364
0 0.07205882352941176 0.4011363636363636 0.014705882352941176 0.011363636363636364
0 0.07088235294117647 0.8356818181818182 0.014705882352941176 0.011363636363636364
0 0.07205882352941176 0.49204545454545456 0.014705882352941176 0.011363636363636364
0 0.07205882352941176 0.5070454545454546 0.014705882352941176 0.011363636363636364
0 0.07205882352941176 0.4465909090909091 0.014705882352941176 0.011363636363636364
0 0.07205882352941176 0.5220454545454546 0.014705882352941176 0.011363636363636364
0 0.07205882352941176 0.4615909090909091 0.014705882352941176 0.011363636363636364
0 0.13970588235294118 0.2775 0.014705882352941176 0.011363636363636364
0 0.13970588235294118 0.8356818181818182 0.014705882352941176 0.011363636363636364
0 0.07205882352941176 0.6893181818181818 0.014705882352941176 0.011363636363636364
0 0.07205882352941176 0.37068181818181817 0.014705882352941176 0.011363636363636364
0 0.07147058823529412 0.7879545454545455 0.014705882352941176 0.011363636363636364
0 0.13970588235294118 0.8815909090909091 0.014705882352941176 0.011363636363636364
0 0.14029411764705882 0.7879545454545455 0.014705882352941176 0.011363636363636364
0 0.07205882352941176 0.5375 0.014705882352941176 0.011363636363636364
0 0.13970588235294118 0.9279545454545455 0.014705882352941176 0.011363636363636364
0 0.07088235294117647 0.2775 0.014705882352941176 0.011363636363636364
0 0.07205882352941176 0.35568181818181815 0.014705882352941176 0.011363636363636364
0 0.4464705882352941 0.7043181818181818 0.48 0.015
0 0.07205882352941176 0.41613636363636364 0.014705882352941176 0.011363636363636364
0 0.07088235294117647 0.8815909090909091 0.014705882352941176 0.011363636363636364
0 0.07205882352941176 0.4315909090909091 0.014705882352941176 0.011363636363636364
