0 0.26029411764705884 0.24977272727272729 0.014705882352941176 0.011363636363636364
0 0.19794117647058823 0.2293181818181818 0.014705882352941176 0.011363636363636364
0 0.4738235294117647 0.6293181818181818 0.014705882352941176 0.011363636363636364
0 0.2597058823529412 0.4434090909090909 0.014705882352941176 0.011363636363636364
0 0.3561764705882353 0.13295454545454546 0.014705882352941176 0.011363636363636364
0 0.39794117647058824 0.09613636363636363 0.014705882352941176 0.011363636363636364
0 0.2538235294117647 0.7493181818181818 0.014705882352941176 0.011363636363636364
0 0.08205882352941177 0.30977272727272726 0.014705882352941176 0.011363636363636364
0 0.39441176470588235 0.3525 0.014705882352941176 0.011363636363636364
0 0.39441176470588235 0.4084090909090909 0.014705882352941176 0.011363636363636364
0 0.12147058823529412 0.6906818181818182 0.014705882352941176 0.011363636363636364
0 0.08205882352941177 0.15477272727272728 0.014705882352941176 0.011363636363636364
0 0.18970588235294117 0.7265909090909091 0.014705882352941176 0.011363636363636364
0 0.34205882352941175 0.6293181818181818 0.014705882352941176 0.011363636363636364
0 0.26029411764705884 0.19386363636363638 0.014705882352941176 0.011363636363636364
0 0.20029411764705882 0.09613636363636363 0.014705882352941176 0.011363636363636364
0 0.25323529411764706 0.5743181818181818 0.014705882352941176 0.011363636363636364
0 0.3861764705882353 0.5961363636363637 0.014705882352941176 0.011363636363636364
0 0.4738235294117647 0.5743181818181818 0.014705882352941176 0.011363636363636364
0 0.07735294117647058 0.6597727272727273 0.014705882352941176 0.011363636363636364
0 0.12205882352941176 0.3547727272727273 0.014705882352941176 0.011363636363636364
0 0.13147058823529412 0.8388636363636364 0.014705882352941176 0.011363636363636364
0 0.39441176470588235 0.19386363636363638 0.014705882352941176 0.011363636363636364
0 0.19676470588235295 0.4093181818181818 0.014705882352941176 0.011363636363636364
0 0.25323529411764706 0.7820454545454546 0.014705882352941176 0.011363636363636364
0 0.25323529411764706 0.6915909090909091 0.014705882352941176 0.011363636363636364
0 0.25323529411764706 0.5393181818181818 0.014705882352941176 0.011363636363636364
0 0.2626470588235294 0.13295454545454546 0.014705882352941176 0.011363636363636364
0 0.3514705882352941 0.2852272727272727 0.014705882352941176 0.011363636363636364
0 0.26029411764705884 0.4084090909090909 0.014705882352941176 0.011363636363636364
0 0.07588235294117647 0.8645454545454545 0.012941176470588235 0.01
0 0.18970588235294117 0.7820454545454546 0.014705882352941176 0.011363636363636364
0 0.125 0.09568181818181819 0.014705882352941176 0.011363636363636364
0 0.34205882352941175 0.7265909090909091 0.014705882352941176 0.011363636363636364
0 0.25323529411764706 0.5961363636363637 0.014705882352941176 0.011363636363636364
0 0.3514705882352941 0.4434090909090909 0.014705882352941176 0.011363636363636364
0 0.07735294117647058 0.5061363636363636 0.014705882352941176 0.011363636363636364
0 0.14558823529411766 0.4847727272727273 0.014705882352941176 0.011363636363636364
0 0.34205882352941175 0.7820454545454546 0.014705882352941176 0.011363636363636364
0 0.2597058823529412 0.2852272727272727 0.014705882352941176 0.011363636363636364
0 0.19676470588235295 0.19295454545454546 0.014705882352941176 0.011363636363636364
0 0.12147058823529412 0.5402272727272728 0.014705882352941176 0.011363636363636364
0 0.12147058823529412 0.5961363636363637 0.014705882352941176 0.011363636363636364
0 0.38676470588235295 0.6915909090909091 0.014705882352941176 0.011363636363636364
0 0.18970588235294117 0.5743181818181818 0.014705882352941176 0.011363636363636364
0 0.18970588235294117 0.6293181818181818 0.014705882352941176 0.011363636363636364
0 0.18970588235294117 0.5397727272727273 0.014705882352941176 0.011363636363636364
0 0.39441176470588235 0.24977272727272729 0.014705882352941176 0.011363636363636364
0 0.2597058823529412 0.2293181818181818 0.014705882352941176 0.011363636363636364
0 0.25323529411764706 0.6293181818181818 0.014705882352941176 0.011363636363636364
0 0.19794117647058823 0.4434090909090909 0.014705882352941176 0.011363636363636364
0 0.3861764705882353 0.7484090909090909 0.014705882352941176 0.011363636363636364
0 0.18970588235294117 0.6925 0.014705882352941176 0.011363636363636364
0 0.12205882352941176 0.2520454545454546 0.014705882352941176 0.011363636363636364
0 0.2638235294117647 0.09613636363636363 0.014705882352941176 0.011363636363636364
0 0.3514705882352941 0.2293181818181818 0.014705882352941176 0.011363636363636364
0 0.075 0.8393181818181819 0.014705882352941176 0.011363636363636364
0 0.1323529411764706 0.8645454545454545 0.012941176470588235 0.01
0 0.38676470588235295 0.5393181818181818 0.014705882352941176 0.011363636363636364
0 0.07617647058823529 0.9084090909090909 0.014705882352941176 0.011363636363636364
0 0.26029411764705884 0.3525 0.014705882352941176 0.011363636363636364
0 0.34205882352941175 0.5743181818181818 0.014705882352941176 0.011363636363636364
0 0.19794117647058823 0.2852272727272727 0.014705882352941176 0.011363636363636364
0 0.19676470588235295 0.35159090909090907 0.014705882352941176 0.011363636363636364
0 0.12147058823529412 0.19568181818181818 0.014705882352941176 0.011363636363636364
0 0.19676470588235295 0.2506818181818182 0.014705882352941176 0.011363636363636364
0 0.18970588235294117 0.7493181818181818 0.014705882352941176 0.011363636363636364
0 0.20147058823529412 0.13295454545454546 0.014705882352941176 0.011363636363636364
0 0.25323529411764706 0.7265909090909091 0.014705882352941176 0.011363636363636364
0 0.12205882352941176 0.4106818181818182 0.014705882352941176 0.011363636363636364
0 0.18970588235294117 0.5965909090909091 0.014705882352941176 0.011363636363636364
0 0.19794117647058823 0.3875 0.014705882352941176 0.011363636363636364
0 0.14441176470588235 0.9079545454545455 0.014705882352941176 0.011363636363636364
0 0.2597058823529412 0.3875 0.014705882352941176 0.011363636363636364
0 0.3514705882352941 0.3875 0.014705882352941176 0.011363636363636364
0 0.07735294117647058 0.48522727272727273 0.014705882352941176 0.011363636363636364
0 0.12147058823529412 0.7470454545454546 0.014705882352941176 0.011363636363636364
