0 0.06911764705882353 0.49204545454545456 0.014705882352941176 0.011363636363636364
0 0.13794117647058823 0.6738636363636363 0.014705882352941176 0.011363636363636364
0 0.3338235294117647 0.8256818181818182 0.014705882352941176 0.011363636363636364
0 0.06911764705882353 0.7497727272727273 0.014705882352941176 0.011363636363636364
0 0.735 0.8861363636363636 0.3723529411764706 0.015
0 0.06911764705882353 0.2725 0.014705882352941176 0.011363636363636364
0 0.09852941176470588 0.7193181818181819 0.014705882352941176 0.011363636363636364
0 0.12794117647058822 0.8556818181818182 0.014705882352941176 0.011363636363636364
0 0.12794117647058822 0.8256818181818182 0.014705882352941176 0.011363636363636364
0 0.09852941176470588 0.7043181818181818 0.014705882352941176 0.011363636363636364
0 0.06911764705882353 0.43931818181818183 0.014705882352941176 0.011363636363636364
0 0.13794117647058823 0.5984090909090909 0.014705882352941176 0.011363636363636364
0 0.09852941176470588 0.6438636363636364 0.014705882352941176 0.011363636363636364
0 0.09852941176470588 0.6893181818181818 0.014705882352941176 0.011363636363636364
0 0.6379411764705882 0.5529545454545455 0.014705882352941176 0.011363636363636364
0 0.09852941176470588 0.7802272727272728 0.014705882352941176 0.011363636363636364
0 0.5297058823529411 0.8711363636363636 0.014705882352941176 0.011363636363636364
0 0.5297058823529411 0.8256818181818182 0.014705882352941176 0.011363636363636364
0 0.06911764705882353 0.6738636363636363 0.014705882352941176 0.011363636363636364
0 0.13794117647058823 0.2725 0.014705882352941176 0.011363636363636364
0 0.3338235294117647 0.8406818181818182 0.014705882352941176 0.011363636363636364
0 0.8229411764705883 0.8711363636363636 0.21529411764705883 0.015
0 0.5297058823529411 0.8406818181818182 0.014705882352941176 0.011363636363636364
0 0.12794117647058822 0.8406818181818182 0.014705882352941176 0.011363636363636364
0 0.3338235294117647 0.8556818181818182 0.014705882352941176 0.011363636363636364
0 0.09852941176470588 0.6284090909090909 0.014705882352941176 0.011363636363636364
0 0.12794117647058822 0.8711363636363636 0.014705882352941176 0.011363636363636364
0 0.06911764705882353 0.5984090909090909 0.014705882352941176 0.011363636363636364
0 0.09852941176470588 0.8102272727272727 0.014705882352941176 0.011363636363636364
0 0.6955882352941176 0.5147727272727273 0.11705882352941177 0.015
0 0.13794117647058823 0.7497727272727273 0.014705882352941176 0.011363636363636364
0 0.09852941176470588 0.6134090909090909 0.014705882352941176 0.011363636363636364
0 0.09852941176470588 0.7647727272727273 0.014705882352941176 0.011363636363636364
0 0.09852941176470588 0.7952272727272728 0.014705882352941176 0.011363636363636364
0 0.7061764705882353 0.5529545454545455 0.014705882352941176 0.011363636363636364
0 0.5297058823529411 0.8556818181818182 0.014705882352941176 0.011363636363636364
0 0.4505882352941176 0.7952272727272728 0.11764705882352941 0.015
0 0.15735294117647058 0.43931818181818183 0.014705882352941176 0.011363636363636364
0 0.3338235294117647 0.8711363636363636 0.014705882352941176 0.011363636363636364
0 0.06911764705882353 0.5147727272727273 0.014705882352941176 0.011363636363636364
