0 0.125 0.8634090909090909 0.014705882352941176 0.011363636363636364
0 0.125 0.7802272727272728 0.014705882352941176 0.011363636363636364
0 0.1361764705882353 0.5225 0.014705882352941176 0.011363636363636364
0 0.0661764705882353 0.8634090909090909 0.014705882352941176 0.011363636363636364
0 0.5461764705882353 0.8329545454545455 0.014705882352941176 0.011363636363636364
0 0.4555882352941176 0.8634090909090909 0.34294117647058825 0.015
0 0.2520588235294118 0.8179545454545455 0.014705882352941176 0.011363636363636364
0 0.33088235294117646 0.9011363636363636 0.014705882352941176 0.011363636363636364
0 0.0661764705882353 0.946590909090909 0.014705882352941176 0.011363636363636364
0 0.06735294117647059 0.6284090909090909 0.014705882352941176 0.011363636363636364
0 0.1361764705882353 0.6284090909090909 0.014705882352941176 0.011363636363636364
0 0.5461764705882353 0.9165909090909091 0.014705882352941176 0.011363636363636364
0 0.1361764705882353 0.5602272727272727 0.014705882352941176 0.011363636363636364
0 0.125 0.946590909090909 0.014705882352941176 0.011363636363636364
0 0.16558823529411765 0.5906818181818182 0.014705882352941176 0.011363636363636364
0 0.4485294117647059 0.9165909090909091 0.014705882352941176 0.011363636363636364
0 0.4485294117647059 0.8329545454545455 0.014705882352941176 0.011363636363636364
0 0.33088235294117646 0.7347727272727272 0.014705882352941176 0.011363636363636364
0 0.2520588235294118 0.9011363636363636 0.014705882352941176 0.011363636363636364
0 0.5461764705882353 0.7497727272727273 0.014705882352941176 0.011363636363636364
0 0.06735294117647059 0.5906818181818182 0.014705882352941176 0.011363636363636364
0 0.2520588235294118 0.7347727272727272 0.014705882352941176 0.011363636363636364
0 0.4485294117647059 0.7497727272727273 0.014705882352941176 0.011363636363636364
0 0.0661764705882353 0.7802272727272728 0.014705882352941176 0.011363636363636364
0 0.0661764705882353 0.7193181818181819 0.014705882352941176 0.011363636363636364
0 0.1361764705882353 0.3256818181818182 0.014705882352941176 0.011363636363636364
0 0.4873529411764706 0.8329545454545455 0.014705882352941176 0.011363636363636364
0 0.06735294117647059 0.6815909090909091 0.014705882352941176 0.011363636363636364
0 0.4555882352941176 0.946590909090909 0.34294117647058825 0.015
0 0.1361764705882353 0.20431818181818182 0.014705882352941176 0.011363636363636364
0 0.06735294117647059 0.5225 0.014705882352941176 0.011363636363636364
0 0.4873529411764706 0.7497727272727273 0.014705882352941176 0.011363636363636364
0 0.06735294117647059 0.20431818181818182 0.014705882352941176 0.011363636363636364
0 0.19323529411764706 0.946590909090909 0.014705882352941176 0.011363636363636364
0 0.06735294117647059 0.3256818181818182 0.014705882352941176 0.011363636363636364
0 0.06735294117647059 0.5602272727272727 0.014705882352941176 0.011363636363636364
0 0.4555882352941176 0.7802272727272728 0.34294117647058825 0.015
0 0.11676470588235294 0.5906818181818182 0.014705882352941176 0.011363636363636364
0 0.4873529411764706 0.9165909090909091 0.014705882352941176 0.011363636363636364
0 0.0661764705882353 0.8861363636363636 0.014705882352941176 0.011363636363636364
0 0.1361764705882353 0.4847727272727273 0.014705882352941176 0.011363636363636364
0 0.06735294117647059 0.4847727272727273 0.014705882352941176 0.011363636363636364
0 0.19323529411764706 0.8634090909090909 0.014705882352941176 0.011363636363636364
0 0.0661764705882353 0.8029545454545455 0.014705882352941176 0.011363636363636364
0 0.33088235294117646 0.8179545454545455 0.014705882352941176 0.011363636363636364
0 0.19323529411764706 0.7802272727272728 0.014705882352941176 0.011363636363636364
0 0.1361764705882353 0.6815909090909091 0.014705882352941176 0.011363636363636364
