0 0.7820588235294118 0.26431818181818184 0.01588235294117647 0.012272727272727272
0 0.03735294117647059 0.5338636363636363 0.01588235294117647 0.012272727272727272
0 0.8020588235294117 0.5375 0.01588235294117647 0.012272727272727272
0 0.03735294117647059 0.6661363636363636 0.01588235294117647 0.012272727272727272
0 0.7626470588235295 0.3593181818181818 0.01588235294117647 0.012272727272727272
0 0.8214705882352941 0.3593181818181818 0.01588235294117647 0.012272727272727272
0 0.1938235294117647 0.5338636363636363 0.01588235294117647 0.012272727272727272
0 0.625 0.26431818181818184 0.01588235294117647 0.012272727272727272
0 0.03735294117647059 0.6511363636363636 0.01588235294117647 0.012272727272727272
0 0.7426470588235294 0.5375 0.01588235294117647 0.012272727272727272
