0 0.10029411764705883 0.2584090909090909 0.014705882352941176 0.011363636363636364
0 0.06735294117647059 0.8756818181818182 0.014705882352941176 0.011363636363636364
0 0.1361764705882353 0.8756818181818182 0.014705882352941176 0.011363636363636364
0 0.10029411764705883 0.5615909090909091 0.014705882352941176 0.011363636363636364
0 0.10029411764705883 0.1525 0.014705882352941176 0.011363636363636364
0 0.45588235294117646 0.5620454545454545 0.5 0.015
0 0.10029411764705883 0.8115909090909091 0.014705882352941176 0.011363636363636364
0 0.10029411764705883 0.21295454545454545 0.014705882352941176 0.011363636363636364
0 0.07088235294117647 0.3538636363636364 0.014705882352941176 0.011363636363636364
0 0.10029411764705883 0.18295454545454545 0.014705882352941176 0.011363636363636364
0 0.10029411764705883 0.7811363636363636 0.014705882352941176 0.011363636363636364
0 0.10029411764705883 0.1675 0.014705882352941176 0.011363636363636364
0 0.10029411764705883 0.12204545454545454 0.014705882352941176 0.011363636363636364
0 0.10029411764705883 0.7056818181818182 0.014705882352941176 0.011363636363636364
0 0.10029411764705883 0.7965909090909091 0.014705882352941176 0.011363636363636364
0 0.10029411764705883 0.4025 0.014705882352941176 0.011363636363636364
0 0.13911764705882354 0.09068181818181818 0.014705882352941176 0.011363636363636364
0 0.10029411764705883 0.7206818181818182 0.014705882352941176 0.011363636363636364
0 0.10029411764705883 0.27386363636363636 0.014705882352941176 0.011363636363636364
0 0.10029411764705883 0.22840909090909092 0.014705882352941176 0.011363636363636364
0 0.07088235294117647 0.6438636363636364 0.014705882352941176 0.011363636363636364
0 0.10029411764705883 0.2888636363636364 0.014705882352941176 0.011363636363636364
0 0.10029411764705883 0.3875 0.014705882352941176 0.011363636363636364
0 0.10029411764705883 0.5311363636363636 0.014705882352941176 0.011363636363636364
0 0.45588235294117646 0.8120454545454545 0.5 0.015
0 0.10029411764705883 0.2434090909090909 0.014705882352941176 0.011363636363636364
0 0.10029411764705883 0.19795454545454547 0.014705882352941176 0.011363636363636364
0 0.07088235294117647 0.09068181818181818 0.014705882352941176 0.011363636363636364
0 0.13911764705882354 0.3538636363636364 0.014705882352941176 0.011363636363636364
0 0.45588235294117646 0.2875 0.5 0.015
0 0.10029411764705883 0.6752272727272727 0.014705882352941176 0.011363636363636364
0 0.10029411764705883 0.5161363636363636 0.014705882352941176 0.011363636363636364
0 0.13911764705882354 0.4847727272727273 0.014705882352941176 0.011363636363636364
0 0.10029411764705883 0.7661363636363636 0.014705882352941176 0.011363636363636364
0 0.10029411764705883 0.4175 0.014705882352941176 0.011363636363636364
0 0.10029411764705883 0.1375 0.014705882352941176 0.011363636363636364
0 0.10029411764705883 0.7356818181818182 0.014705882352941176 0.011363636363636364
0 0.1361764705882353 0.9165909090909091 0.014705882352941176 0.011363636363636364
0 0.10029411764705883 0.7511363636363636 0.014705882352941176 0.011363636363636364
0 0.10029411764705883 0.4329545454545455 0.014705882352941176 0.011363636363636364
0 0.06735294117647059 0.9165909090909091 0.014705882352941176 0.011363636363636364
0 0.10029411764705883 0.5465909090909091 0.014705882352941176 0.011363636363636364
0 0.13911764705882354 0.6438636363636364 0.014705882352941176 0.011363636363636364
0 0.07088235294117647 0.4847727272727273 0.014705882352941176 0.011363636363636364
0 0.10029411764705883 0.6902272727272727 0.014705882352941176 0.011363636363636364
