0 0.7208823529411764 0.25431818181818183 0.014705882352941176 0.011363636363636364
0 0.4138235294117647 0.6511363636363636 0.014705882352941176 0.011363636363636364
0 0.38441176470588234 0.8861363636363636 0.014705882352941176 0.011363636363636364
0 0.07088235294117647 0.7193181818181819 0.014705882352941176 0.011363636363636364
0 0.16852941176470587 0.8861363636363636 0.014705882352941176 0.011363636363636364
0 0.7861764705882353 0.7875 0.014705882352941176 0.011363636363636364
0 0.8426470588235294 0.5893181818181819 0.19588235294117648 0.015
0 0.16852941176470587 0.5893181818181819 0.014705882352941176 0.011363636363636364
0 0.10029411764705883 0.6815909090909091 0.014705882352941176 0.011363636363636364
0 0.17029411764705882 0.5215909090909091 0.014705882352941176 0.011363636363636364
0 0.5214705882352941 0.5893181818181819 0.014705882352941176 0.011363636363636364
0 0.5691176470588235 0.9393181818181818 0.7464705882352941 0.015
0 0.4138235294117647 0.6665909090909091 0.014705882352941176 0.011363636363636364
0 0.7767647058823529 0.25431818181818183 0.014705882352941176 0.011363636363636364
0 0.14029411764705882 0.5043181818181818 0.014705882352941176 0.011363636363636364
0 0.4138235294117647 0.6361363636363636 0.014705882352941176 0.011363636363636364
0 0.38441176470588234 0.7875 0.014705882352941176 0.011363636363636364
0 0.6685294117647059 0.8484090909090909 0.014705882352941176 0.011363636363636364
0 0.07088235294117647 0.7875 0.014705882352941176 0.011363636363636364
0 0.3761764705882353 0.5215909090909091 0.014705882352941176 0.011363636363636364
0 0.14029411764705882 0.5725 0.014705882352941176 0.011363636363636364
0 0.13911764705882354 0.6211363636363636 0.014705882352941176 0.011363636363636364
0 0.10029411764705883 0.6361363636363636 0.014705882352941176 0.011363636363636364
0 0.15911764705882353 0.7875 0.014705882352941176 0.011363636363636364
0 0.07088235294117647 0.8861363636363636 0.014705882352941176 0.011363636363636364
0 0.5120588235294118 0.8484090909090909 0.014705882352941176 0.011363636363636364
0 0.37441176470588233 0.5893181818181819 0.014705882352941176 0.011363636363636364
0 0.10029411764705883 0.6665909090909091 0.014705882352941176 0.011363636363636364
0 0.07029411764705883 0.5893181818181819 0.014705882352941176 0.011363636363636364
0 0.07088235294117647 0.8102272727272727 0.014705882352941176 0.011363636363636364
0 0.6785294117647059 0.5893181818181819 0.014705882352941176 0.011363636363636364
0 0.07147058823529412 0.5043181818181818 0.014705882352941176 0.011363636363636364
0 0.10029411764705883 0.6511363636363636 0.014705882352941176 0.011363636363636364
0 0.13911764705882354 0.7193181818181819 0.014705882352941176 0.011363636363636364
0 0.6802941176470588 0.5215909090909091 0.014705882352941176 0.011363636363636364
0 0.4138235294117647 0.6815909090909091 0.014705882352941176 0.011363636363636364
0 0.07088235294117647 0.8484090909090909 0.014705882352941176 0.011363636363636364
0 0.6197058823529412 0.8861363636363636 0.014705882352941176 0.011363636363636364
0 0.8802941176470588 0.5406818181818182 0.014705882352941176 0.011363636363636364
0 0.07205882352941176 0.5215909090909091 0.014705882352941176 0.011363636363636364
0 0.2961764705882353 0.5893181818181819 0.014705882352941176 0.011363636363636364
0 0.6785294117647059 0.8102272727272727 0.014705882352941176 0.011363636363636364
0 0.07088235294117647 0.6211363636363636 0.014705882352941176 0.011363636363636364
0 0.2979411764705882 0.5215909090909091 0.014705882352941176 0.011363636363636364
0 0.845 0.8861363636363636 0.014705882352941176 0.011363636363636364
0 0.4038235294117647 0.8102272727272727 0.014705882352941176 0.011363636363636364
0 0.07088235294117647 0.9393181818181818 0.014705882352941176 0.011363636363636364
0 0.6197058823529412 0.7875 0.014705882352941176 0.011363636363636364
0 0.845 0.5215909090909091 0.19588235294117648 0.015
0 0.07029411764705883 0.5725 0.014705882352941176 0.011363636363636364
0 0.5020588235294118 0.8861363636363636 0.014705882352941176 0.011363636363636364
0 0.523235294117647 0.5215909090909091 0.014705882352941176 0.011363636363636364
0 0.2373529411764706 0.8484090909090909 0.014705882352941176 0.011363636363636364
0 0.8114705882352942 0.5406818181818182 0.014705882352941176 0.011363636363636364
