0 0.07088235294117647 0.8711363636363636 0.014705882352941176 0.011363636363636364
0 0.07088235294117647 0.4088636363636364 0.014705882352941176 0.011363636363636364
0 0.07088235294117647 0.24204545454545454 0.014705882352941176 0.011363636363636364
0 0.07088235294117647 0.5225 0.014705882352941176 0.011363636363636364
0 0.12970588235294117 0.7647727272727273 0.014705882352941176 0.011363636363636364
0 0.15911764705882353 0.8184090909090909 0.014705882352941176 0.011363636363636364
0 0.12970588235294117 0.08295454545454546 0.014705882352941176 0.011363636363636364
0 0.07088235294117647 0.6438636363636364 0.014705882352941176 0.011363636363636364
0 0.07088235294117647 0.18931818181818183 0.014705882352941176 0.011363636363636364
0 0.07088235294117647 0.5679545454545455 0.014705882352941176 0.011363636363636364
0 0.10029411764705883 0.2725 0.014705882352941176 0.011363636363636364
0 0.07088235294117647 0.5984090909090909 0.014705882352941176 0.011363636363636364
0 0.12970588235294117 0.4693181818181818 0.014705882352941176 0.011363636363636364
0 0.07088235294117647 0.08295454545454546 0.014705882352941176 0.011363636363636364
0 0.07088235294117647 0.37113636363636365 0.014705882352941176 0.011363636363636364
0 0.07088235294117647 0.7647727272727273 0.014705882352941176 0.011363636363636364
0 0.12970588235294117 0.6438636363636364 0.014705882352941176 0.011363636363636364
0 0.07088235294117647 0.5529545454545455 0.014705882352941176 0.011363636363636364
0 0.07088235294117647 0.4693181818181818 0.014705882352941176 0.011363636363636364
0 0.12970588235294117 0.5225 0.014705882352941176 0.011363636363636364
0 0.12970588235294117 0.8711363636363636 0.014705882352941176 0.011363636363636364
0 0.07088235294117647 0.1665909090909091 0.014705882352941176 0.011363636363636364
0 0.5538235294117647 0.4088636363636364 0.7547058823529412 0.015
0 0.07088235294117647 0.8184090909090909 0.014705882352941176 0.011363636363636364
0 0.07088235294117647 0.5829545454545455 0.014705882352941176 0.011363636363636364
0 0.4264705882352941 0.5984090909090909 0.5 0.015
0 0.21794117647058822 0.2725 0.014705882352941176 0.011363636363636364
0 0.07088235294117647 0.33295454545454545 0.014705882352941176 0.011363636363636364
0 0.07088235294117647 0.2952272727272727 0.014705882352941176 0.011363636363636364
