0 0.24441176470588236 0.3275 0.014705882352941176 0.011363636363636364
0 0.06794117647058824 0.6065909090909091 0.014705882352941176 0.011363636363636364
0 0.2426470588235294 0.6365909090909091 0.014705882352941176 0.011363636363636364
0 0.0661764705882353 0.6593181818181818 0.014705882352941176 0.011363636363636364
0 0.06794117647058824 0.7125 0.014705882352941176 0.011363636363636364
0 0.13676470588235295 0.7125 0.014705882352941176 0.011363636363636364
0 0.5367647058823529 0.6365909090909091 0.014705882352941176 0.011363636363636364
0 0.41911764705882354 0.6365909090909091 0.014705882352941176 0.011363636363636364
0 0.5955882352941176 0.6365909090909091 0.014705882352941176 0.011363636363636364
0 0.3897058823529412 0.5684090909090909 0.014705882352941176 0.011363636363636364
0 0.47794117647058826 0.6365909090909091 0.014705882352941176 0.011363636363636364
0 0.18382352941176472 0.6365909090909091 0.014705882352941176 0.011363636363636364
0 0.13676470588235295 0.6065909090909091 0.014705882352941176 0.011363636363636364
0 0.24441176470588236 0.4475 0.014705882352941176 0.011363636363636364
0 0.24441176470588236 0.3865909090909091 0.014705882352941176 0.011363636363636364
0 0.24441176470588236 0.4775 0.014705882352941176 0.011363636363636364
0 0.21323529411764705 0.5684090909090909 0.014705882352941176 0.011363636363636364
0 0.5779411764705882 0.3034090909090909 0.014705882352941176 0.011363636363636364
0 0.3014705882352941 0.6365909090909091 0.014705882352941176 0.011363636363636364
0 0.0661764705882353 0.6365909090909091 0.014705882352941176 0.011363636363636364
0 0.48970588235294116 0.3034090909090909 0.014705882352941176 0.011363636363636364
0 0.4108823529411765 0.3034090909090909 0.014705882352941176 0.011363636363636364
0 0.24441176470588236 0.41704545454545455 0.014705882352941176 0.011363636363636364
0 0.24441176470588236 0.5079545454545454 0.014705882352941176 0.011363636363636364
0 0.5685294117647058 0.3261363636363636 0.43117647058823527 0.015
0 0.0661764705882353 0.5684090909090909 0.014705882352941176 0.011363636363636364
0 0.0661764705882353 0.1984090909090909 0.014705882352941176 0.011363636363636364
0 0.125 0.6365909090909091 0.014705882352941176 0.011363636363636364
0 0.0661764705882353 0.2515909090909091 0.014705882352941176 0.011363636363636364
0 0.3602941176470588 0.6365909090909091 0.014705882352941176 0.011363636363636364
0 0.3326470588235294 0.3034090909090909 0.014705882352941176 0.011363636363636364
0 0.24441176470588236 0.3034090909090909 0.014705882352941176 0.011363636363636364
