0 0.13676470588235295 0.10613636363636364 0.01588235294117647 0.012272727272727272
0 0.07264705882352941 0.7952272727272728 0.01588235294117647 0.012272727272727272
0 0.14029411764705882 0.7570454545454546 0.01588235294117647 0.012272727272727272
0 0.09911764705882353 0.15886363636363637 0.01588235294117647 0.012272727272727272
0 0.07029411764705883 0.5779545454545455 0.01588235294117647 0.012272727272727272
0 0.07088235294117647 0.6375 0.01588235294117647 0.012272727272727272
0 0.07205882352941176 0.33795454545454545 0.01588235294117647 0.012272727272727272
0 0.06794117647058824 0.10613636363636364 0.01588235294117647 0.012272727272727272
0 0.14205882352941177 0.2575 0.01588235294117647 0.012272727272727272
0 0.07088235294117647 0.6184090909090909 0.01588235294117647 0.012272727272727272
0 0.07205882352941176 0.32295454545454544 0.01588235294117647 0.012272727272727272
0 0.07205882352941176 0.3084090909090909 0.01588235294117647 0.012272727272727272
0 0.07205882352941176 0.3525 0.01588235294117647 0.012272727272727272
0 0.1426470588235294 0.7952272727272728 0.01588235294117647 0.012272727272727272
0 0.09911764705882353 0.17431818181818182 0.01588235294117647 0.012272727272727272
0 0.07205882352941176 0.40613636363636363 0.01588235294117647 0.012272727272727272
0 0.14029411764705882 0.8493181818181819 0.01588235294117647 0.012272727272727272
0 0.5164705882352941 0.4486363636363636 0.8682352941176471 0.05909090909090909
0 0.07029411764705883 0.5465909090909091 0.01588235294117647 0.012272727272727272
0 0.5064705882352941 0.6761363636363636 0.8682352941176471 0.060454545454545455
0 0.14029411764705882 0.5161363636363636 0.01588235294117647 0.012272727272727272
0 0.07029411764705883 0.5934090909090909 0.01588235294117647 0.012272727272727272
0 0.07029411764705883 0.5625 0.01588235294117647 0.012272727272727272
0 0.09911764705882353 0.1434090909090909 0.01588235294117647 0.012272727272727272
0 0.07029411764705883 0.8493181818181819 0.01588235294117647 0.012272727272727272
0 0.07205882352941176 0.2575 0.01588235294117647 0.012272727272727272
0 0.07029411764705883 0.7570454545454546 0.01588235294117647 0.012272727272727272
0 0.07029411764705883 0.5161363636363636 0.01588235294117647 0.012272727272727272
0 0.07205882352941176 0.3725 0.01588235294117647 0.012272727272727272
0 0.07205882352941176 0.2938636363636364 0.01588235294117647 0.012272727272727272
0 0.07205882352941176 0.38886363636363636 0.01588235294117647 0.012272727272727272
