0 0.9208823529411765 0.5638636363636363 0.01588235294117647 0.012272727272727272
0 0.9208823529411765 0.3975 0.01588235294117647 0.012272727272727272
0 0.9208823529411765 0.37477272727272726 0.01588235294117647 0.012272727272727272
0 0.8620588235294118 0.6170454545454546 0.01588235294117647 0.012272727272727272
0 0.9208823529411765 0.5906818181818182 0.01588235294117647 0.012272727272727272
0 0.9208823529411765 0.3365909090909091 0.01588235294117647 0.012272727272727272
0 0.8620588235294118 0.5411363636363636 0.01588235294117647 0.012272727272727272
0 0.8620588235294118 0.37477272727272726 0.01588235294117647 0.012272727272727272
0 0.9208823529411765 0.22295454545454546 0.01588235294117647 0.012272727272727272
0 0.8620588235294118 0.5906818181818182 0.01588235294117647 0.012272727272727272
0 0.8620588235294118 0.22295454545454546 0.01588235294117647 0.012272727272727272
0 0.8620588235294118 0.3365909090909091 0.01588235294117647 0.012272727272727272
0 0.9208823529411765 0.49204545454545456 0.01588235294117647 0.012272727272727272
0 0.9208823529411765 0.2456818181818182 0.01588235294117647 0.012272727272727272
0 0.9208823529411765 0.5411363636363636 0.01588235294117647 0.012272727272727272
0 0.9208823529411765 0.5184090909090909 0.01588235294117647 0.012272727272727272
0 0.8620588235294118 0.2456818181818182 0.01588235294117647 0.012272727272727272
0 0.8620588235294118 0.5638636363636363 0.01588235294117647 0.012272727272727272
0 0.8620588235294118 0.5184090909090909 0.01588235294117647 0.012272727272727272
0 0.8620588235294118 0.45431818181818184 0.01588235294117647 0.012272727272727272
0 0.9208823529411765 0.2988636363636364 0.01588235294117647 0.012272727272727272
0 0.8620588235294118 0.4202272727272727 0.01588235294117647 0.012272727272727272
0 0.8620588235294118 0.2988636363636364 0.01588235294117647 0.012272727272727272
0 0.9208823529411765 0.6170454545454546 0.01588235294117647 0.012272727272727272
0 0.9208823529411765 0.4202272727272727 0.01588235294117647 0.012272727272727272
0 0.8620588235294118 0.49204545454545456 0.01588235294117647 0.012272727272727272
0 0.8620588235294118 0.3975 0.01588235294117647 0.012272727272727272
0 0.9208823529411765 0.45431818181818184 0.01588235294117647 0.012272727272727272
