0 0.16264705882352942 0.7670454545454546 0.014705882352941176 0.011363636363636364
0 0.42970588235294116 0.7511363636363636 0.014705882352941176 0.011363636363636364
0 0.9002941176470588 0.1506818181818182 0.014705882352941176 0.011363636363636364
0 0.465 0.23886363636363636 0.014705882352941176 0.011363636363636364
0 0.08735294117647059 0.8488636363636364 0.014705882352941176 0.011363636363636364
0 0.17323529411764707 0.27340909090909093 0.014705882352941176 0.011363636363636364
0 0.42970588235294116 0.7670454545454546 0.014705882352941176 0.011363636363636364
0 0.17323529411764707 0.2884090909090909 0.014705882352941176 0.011363636363636364
0 0.13147058823529412 0.8179545454545455 0.014705882352941176 0.011363636363636364
0 0.09852941176470588 0.6302272727272727 0.014705882352941176 0.011363636363636364
0 0.4061764705882353 0.25431818181818183 0.014705882352941176 0.011363636363636364
0 0.7323529411764705 0.2756818181818182 0.20941176470588235 0.015
0 0.8067647058823529 0.09659090909090909 0.20294117647058824 0.015
0 0.30323529411764705 0.7161363636363637 0.014705882352941176 0.011363636363636364
0 0.09852941176470588 0.5979545454545454 0.014705882352941176 0.011363636363636364
0 0.1585294117647059 0.35295454545454547 0.014705882352941176 0.011363636363636364
0 0.5411764705882353 0.3034090909090909 0.7211764705882353 0.015
0 0.07029411764705883 0.22204545454545455 0.014705882352941176 0.011363636363636364
0 0.15911764705882353 0.40295454545454545 0.014705882352941176 0.011363636363636364
0 0.23911764705882352 0.3870454545454545 0.014705882352941176 0.011363636363636364
0 0.4873529411764706 0.3870454545454545 0.014705882352941176 0.011363636363636364
0 0.08735294117647059 0.8647727272727272 0.014705882352941176 0.011363636363636364
0 0.30323529411764705 0.7670454545454546 0.014705882352941176 0.011363636363636364
0 0.42205882352941176 0.3870454545454545 0.014705882352941176 0.011363636363636364
0 0.36264705882352943 0.35295454545454547 0.014705882352941176 0.011363636363636364
0 0.08735294117647059 0.928409090909091 0.014705882352941176 0.011363636363636364
0 0.07029411764705883 0.3211363636363636 0.014705882352941176 0.011363636363636364
0 0.29911764705882354 0.36886363636363634 0.014705882352941176 0.011363636363636364
0 0.07029411764705883 0.4175 0.014705882352941176 0.011363636363636364
0 0.09852941176470588 0.6461363636363636 0.014705882352941176 0.011363636363636364
0 0.4061764705882353 0.23886363636363636 0.014705882352941176 0.011363636363636364
0 0.7644117647058823 0.1506818181818182 0.014705882352941176 0.011363636363636364
0 0.3938235294117647 0.27295454545454545 0.17588235294117646 0.015
0 0.465 0.25431818181818183 0.014705882352941176 0.011363636363636364
0 0.29911764705882354 0.35295454545454547 0.014705882352941176 0.011363636363636364
0 0.06558823529411764 0.14977272727272728 0.014705882352941176 0.011363636363636364
0 0.09970588235294117 0.6929545454545455 0.014705882352941176 0.011363636363636364
0 0.08735294117647059 0.8965909090909091 0.014705882352941176 0.011363636363636364
0 0.11970588235294118 0.7861363636363636 0.014705882352941176 0.011363636363636364
0 0.16264705882352942 0.7320454545454546 0.014705882352941176 0.011363636363636364
0 0.07029411764705883 0.26886363636363636 0.014705882352941176 0.011363636363636364
0 0.07088235294117647 0.30204545454545456 0.014705882352941176 0.011363636363636364
0 0.7220588235294118 0.1506818181818182 0.014705882352941176 0.011363636363636364
0 0.07029411764705883 0.25386363636363635 0.014705882352941176 0.011363636363636364
0 0.4814705882352941 0.09568181818181819 0.014705882352941176 0.011363636363636364
0 0.09852941176470588 0.6625 0.014705882352941176 0.011363636363636364
0 0.08735294117647059 0.9125 0.014705882352941176 0.011363636363636364
0 0.07264705882352941 0.581590909090909 0.014705882352941176 0.011363636363636364
0 0.30323529411764705 0.7511363636363636 0.014705882352941176 0.011363636363636364
0 0.51 0.9404545454545454 0.8164705882352942 0.035454545454545454
0 0.8561764705882353 0.1506818181818182 0.014705882352941176 0.011363636363636364
0 0.29970588235294116 0.40295454545454545 0.014705882352941176 0.011363636363636364
0 0.17676470588235293 0.09568181818181819 0.014705882352941176 0.011363636363636364
0 0.4973529411764706 0.29113636363636364 0.014705882352941176 0.011363636363636364
0 0.09852941176470588 0.6138636363636364 0.014705882352941176 0.011363636363636364
0 0.42970588235294116 0.7320454545454546 0.014705882352941176 0.011363636363636364
0 0.07029411764705883 0.19022727272727272 0.014705882352941176 0.011363636363636364
0 0.08735294117647059 0.8806818181818182 0.014705882352941176 0.011363636363636364
0 0.2426470588235294 0.7511363636363636 0.014705882352941176 0.011363636363636364
0 0.8097058823529412 0.1506818181818182 0.014705882352941176 0.011363636363636364
0 0.24205882352941177 0.7161363636363637 0.014705882352941176 0.011363636363636364
0 0.30323529411764705 0.7320454545454546 0.014705882352941176 0.011363636363636364
0 0.08676470588235294 0.09568181818181819 0.014705882352941176 0.011363636363636364
0 0.1585294117647059 0.36886363636363634 0.014705882352941176 0.011363636363636364
0 0.5326470588235294 0.7161363636363637 0.014705882352941176 0.011363636363636364
0 0.48676470588235293 0.35295454545454547 0.014705882352941176 0.011363636363636364
0 0.07029411764705883 0.23795454545454545 0.014705882352941176 0.011363636363636364
0 0.42970588235294116 0.7161363636363637 0.014705882352941176 0.011363636363636364
0 0.5326470588235294 0.7511363636363636 0.014705882352941176 0.011363636363636364
0 0.29970588235294116 0.3870454545454545 0.014705882352941176 0.011363636363636364
0 0.14147058823529413 0.581590909090909 0.014705882352941176 0.011363636363636364
0 0.28205882352941175 0.7861363636363636 0.014705882352941176 0.011363636363636364
0 0.06323529411764706 0.8179545454545455 0.014705882352941176 0.011363636363636364
0 0.07029411764705883 0.2852272727272727 0.014705882352941176 0.011363636363636364
0 0.23794117647058824 0.35295454545454547 0.014705882352941176 0.011363636363636364
0 0.16264705882352942 0.7511363636363636 0.014705882352941176 0.011363636363636364
0 0.6397058823529411 0.7161363636363637 0.014705882352941176 0.011363636363636364
0 0.3820588235294118 0.09568181818181819 0.014705882352941176 0.011363636363636364
0 0.3638235294117647 0.3870454545454545 0.014705882352941176 0.011363636363636364
0 0.4973529411764706 0.2756818181818182 0.014705882352941176 0.011363636363636364
0 0.39441176470588235 0.2888636363636364 0.17705882352941177 0.014090909090909091
0 0.07029411764705883 0.20613636363636365 0.014705882352941176 0.011363636363636364
0 0.36676470588235294 0.7161363636363637 0.014705882352941176 0.011363636363636364
0 0.6397058823529411 0.7511363636363636 0.014705882352941176 0.011363636363636364
0 0.5420588235294118 0.4197727272727273 0.7252941176470589 0.015909090909090907
0 0.08735294117647059 0.8329545454545455 0.014705882352941176 0.011363636363636364
0 0.7323529411764705 0.2918181818181818 0.20941176470588235 0.013636363636363636
0 0.36676470588235294 0.7511363636363636 0.014705882352941176 0.011363636363636364
0 0.4208823529411765 0.35295454545454547 0.014705882352941176 0.011363636363636364
0 0.2773529411764706 0.09568181818181819 0.014705882352941176 0.011363636363636364
0 0.5908823529411765 0.09568181818181819 0.014705882352941176 0.011363636363636364
0 0.15911764705882353 0.3870454545454545 0.014705882352941176 0.011363636363636364
0 0.16264705882352942 0.7161363636363637 0.014705882352941176 0.011363636363636364
0 0.12205882352941176 0.14977272727272728 0.014705882352941176 0.011363636363636364
