0 0.30617647058823527 0.5452272727272728 0.01588235294117647 0.012272727272727272
0 0.7044117647058824 0.45431818181818184 0.01588235294117647 0.012272727272727272
0 0.9179411764705883 0.5906818181818182 0.01588235294117647 0.012272727272727272
0 0.4767647058823529 0.18159090909090908 0.01588235294117647 0.012272727272727272
0 0.30617647058823527 0.5906818181818182 0.01588235294117647 0.012272727272727272
0 0.7044117647058824 0.5893181818181819 0.01588235294117647 0.012272727272727272
0 0.7044117647058824 0.36113636363636364 0.01588235294117647 0.012272727272727272
0 0.9179411764705883 0.5679545454545455 0.01588235294117647 0.012272727272727272
0 0.9179411764705883 0.7725 0.01588235294117647 0.012272727272727272
0 0.7044117647058824 0.5656818181818182 0.01588235294117647 0.012272727272727272
0 0.4767647058823529 0.20431818181818182 0.01588235294117647 0.012272727272727272
0 0.4767647058823529 0.6134090909090909 0.01588235294117647 0.012272727272727272
0 0.30617647058823527 0.13613636363636364 0.01588235294117647 0.012272727272727272
0 0.7044117647058824 0.3397727272727273 0.01588235294117647 0.012272727272727272
0 0.8302941176470588 0.2793181818181818 0.2111764705882353 0.025
0 0.9179411764705883 0.3902272727272727 0.01588235294117647 0.012272727272727272
0 0.47794117647058826 0.7952272727272728 0.01588235294117647 0.012272727272727272
0 0.9179411764705883 0.2384090909090909 0.01588235294117647 0.012272727272727272
0 0.47911764705882354 0.5452272727272728 0.01588235294117647 0.012272727272727272
0 0.30617647058823527 0.3406818181818182 0.01588235294117647 0.012272727272727272
0 0.9179411764705883 0.1475 0.01588235294117647 0.012272727272727272
0 0.30617647058823527 0.3634090909090909 0.01588235294117647 0.012272727272727272
0 0.8302941176470588 0.9043181818181818 0.2111764705882353 0.025
0 0.4111764705882353 0.6770454545454545 0.16705882352941176 0.025
0 0.9179411764705883 0.43886363636363634 0.01588235294117647 0.012272727272727272
0 0.9179411764705883 0.3638636363636364 0.01588235294117647 0.012272727272727272
0 0.9179411764705883 0.17022727272727273 0.01588235294117647 0.012272727272727272
0 0.9179411764705883 0.5452272727272728 0.01588235294117647 0.012272727272727272
0 0.47794117647058826 0.7725 0.01588235294117647 0.012272727272727272
0 0.4767647058823529 0.4088636363636364 0.01588235294117647 0.012272727272727272
0 0.4767647058823529 0.4315909090909091 0.01588235294117647 0.012272727272727272
0 0.9179411764705883 0.7952272727272728 0.01588235294117647 0.012272727272727272
0 0.7044117647058824 0.18159090909090908 0.01588235294117647 0.012272727272727272
0 0.4767647058823529 0.3861363636363636 0.01588235294117647 0.012272727272727272
0 0.9179411764705883 0.4143181818181818 0.01588235294117647 0.012272727272727272
0 0.47794117647058826 0.3634090909090909 0.01588235294117647 0.012272727272727272
0 0.7044117647058824 0.38477272727272727 0.01588235294117647 0.012272727272727272
0 0.30617647058823527 0.15886363636363637 0.01588235294117647 0.012272727272727272
0 0.47794117647058826 0.8406818181818182 0.01588235294117647 0.012272727272727272
0 0.9179411764705883 0.6134090909090909 0.01588235294117647 0.012272727272727272
0 0.7044117647058824 0.15886363636363637 0.01588235294117647 0.012272727272727272
0 0.7044117647058824 0.4825 0.01588235294117647 0.012272727272727272
0 0.30617647058823527 0.20431818181818182 0.01588235294117647 0.012272727272727272
0 0.9179411764705883 0.19295454545454546 0.01588235294117647 0.012272727272727272
0 0.30617647058823527 0.24977272727272729 0.01588235294117647 0.012272727272727272
0 0.30617647058823527 0.22704545454545455 0.01588235294117647 0.012272727272727272
0 0.7044117647058824 0.13613636363636364 0.01588235294117647 0.012272727272727272
0 0.7044117647058824 0.5443181818181818 0.01588235294117647 0.012272727272727272
0 0.30617647058823527 0.7725 0.01588235294117647 0.012272727272727272
0 0.4767647058823529 0.6361363636363636 0.01588235294117647 0.012272727272727272
0 0.8302941176470588 0.6770454545454545 0.2111764705882353 0.025
0 0.30617647058823527 0.5679545454545455 0.01588235294117647 0.012272727272727272
0 0.47794117647058826 0.5679545454545455 0.01588235294117647 0.012272727272727272
0 0.47794117647058826 0.15886363636363637 0.01588235294117647 0.012272727272727272
0 0.9179411764705883 0.6361363636363636 0.01588235294117647 0.012272727272727272
0 0.9179411764705883 0.21568181818181817 0.01588235294117647 0.012272727272727272
0 0.7044117647058824 0.4088636363636364 0.01588235294117647 0.012272727272727272
0 0.4767647058823529 0.5906818181818182 0.01588235294117647 0.012272727272727272
0 0.9179411764705883 0.8406818181818182 0.01588235294117647 0.012272727272727272
0 0.9179411764705883 0.8634090909090909 0.01588235294117647 0.012272727272727272
0 0.47911764705882354 0.13613636363636364 0.01588235294117647 0.012272727272727272
0 0.4767647058823529 0.22704545454545455 0.01588235294117647 0.012272727272727272
0 0.7044117647058824 0.4315909090909091 0.01588235294117647 0.012272727272727272
0 0.9179411764705883 0.3411363636363636 0.01588235294117647 0.012272727272727272
0 0.4111764705882353 0.2736363636363636 0.16705882352941176 0.03636363636363636
0 0.47794117647058826 0.8179545454545455 0.01588235294117647 0.012272727272727272
0 0.47794117647058826 0.8634090909090909 0.01588235294117647 0.012272727272727272
0 0.4111764705882353 0.9043181818181818 0.16705882352941176 0.025
0 0.47911764705882354 0.3406818181818182 0.01588235294117647 0.012272727272727272
0 0.30617647058823527 0.18159090909090908 0.01588235294117647 0.012272727272727272
0 0.9179411764705883 0.8179545454545455 0.01588235294117647 0.012272727272727272
0 0.4111764705882353 0.4781818181818182 0.16705882352941176 0.03636363636363636
0 0.8302941176470588 0.4818181818181818 0.2111764705882353 0.028181818181818183
