0 0.5185294117647059 0.19613636363636364 0.014705882352941176 0.011363636363636364
0 0.4208823529411765 0.21295454545454545 0.014705882352941176 0.011363636363636364
0 0.06676470588235293 0.09795454545454546 0.014705882352941176 0.011363636363636364
0 0.5185294117647059 0.21295454545454545 0.014705882352941176 0.011363636363636364
0 0.11441176470588235 0.5634090909090909 0.014705882352941176 0.011363636363636364
0 0.06558823529411764 0.5093181818181818 0.014705882352941176 0.011363636363636364
0 0.08911764705882352 0.2634090909090909 0.014705882352941176 0.011363636363636364
0 0.19823529411764707 0.3004545454545455 0.19294117647058823 0.05090909090909091
0 0.6132352941176471 0.19613636363636364 0.014705882352941176 0.011363636363636364
0 0.3961764705882353 0.5634090909090909 0.014705882352941176 0.011363636363636364
0 0.5185294117647059 0.22977272727272727 0.014705882352941176 0.011363636363636364
0 0.6132352941176471 0.22977272727272727 0.014705882352941176 0.011363636363636364
0 0.08911764705882352 0.24659090909090908 0.014705882352941176 0.011363636363636364
0 0.07029411764705883 0.7911363636363636 0.014705882352941176 0.011363636363636364
0 0.4208823529411765 0.2634090909090909 0.014705882352941176 0.011363636363636364
0 0.5185294117647059 0.24659090909090908 0.014705882352941176 0.011363636363636364
0 0.09264705882352942 0.8279545454545455 0.014705882352941176 0.011363636363636364
0 0.5185294117647059 0.28113636363636363 0.014705882352941176 0.011363636363636364
0 0.08911764705882352 0.19613636363636364 0.014705882352941176 0.011363636363636364
0 0.4208823529411765 0.19613636363636364 0.014705882352941176 0.011363636363636364
0 0.2973529411764706 0.5634090909090909 0.014705882352941176 0.011363636363636364
0 0.4208823529411765 0.24659090909090908 0.014705882352941176 0.011363636363636364
0 0.4208823529411765 0.22977272727272727 0.014705882352941176 0.011363636363636364
0 0.12970588235294117 0.7911363636363636 0.014705882352941176 0.011363636363636364
0 0.08911764705882352 0.2802272727272727 0.014705882352941176 0.011363636363636364
0 0.08911764705882352 0.22977272727272727 0.014705882352941176 0.011363636363636364
0 0.08911764705882352 0.21295454545454545 0.014705882352941176 0.011363636363636364
0 0.1526470588235294 0.8279545454545455 0.014705882352941176 0.011363636363636364
0 0.4208823529411765 0.28113636363636363 0.014705882352941176 0.011363636363636364
0 0.6132352941176471 0.24659090909090908 0.014705882352941176 0.011363636363636364
0 0.6132352941176471 0.28113636363636363 0.014705882352941176 0.011363636363636364
0 0.135 0.09795454545454546 0.014705882352941176 0.011363636363636364
0 0.06558823529411764 0.5256818181818181 0.014705882352941176 0.011363636363636364
0 0.1338235294117647 0.16022727272727272 0.014705882352941176 0.011363636363636364
0 0.6132352941176471 0.21295454545454545 0.014705882352941176 0.011363636363636364
0 0.5185294117647059 0.2634090909090909 0.014705882352941176 0.011363636363636364
0 0.20852941176470588 0.5634090909090909 0.014705882352941176 0.011363636363636364
0 0.6132352941176471 0.2634090909090909 0.014705882352941176 0.011363636363636364
0 0.06558823529411764 0.16022727272727272 0.014705882352941176 0.011363636363636364
