0 0.4061764705882353 0.2084090909090909 0.014705882352941176 0.011363636363636364
0 0.07264705882352941 0.23886363636363636 0.014705882352941176 0.011363636363636364
0 0.07323529411764707 0.15613636363636363 0.014705882352941176 0.011363636363636364
0 0.07323529411764707 0.4075 0.014705882352941176 0.011363636363636364
0 0.4061764705882353 0.22340909090909092 0.014705882352941176 0.011363636363636364
0 0.14147058823529413 0.1552272727272727 0.014705882352941176 0.011363636363636364
0 0.32794117647058824 0.19340909090909092 0.014705882352941176 0.011363636363636364
0 0.14205882352941177 0.40704545454545454 0.014705882352941176 0.011363636363636364
0 0.07264705882352941 0.19340909090909092 0.014705882352941176 0.011363636363636364
0 0.32794117647058824 0.22340909090909092 0.014705882352941176 0.011363636363636364
0 0.4061764705882353 0.23886363636363636 0.014705882352941176 0.011363636363636364
0 0.4061764705882353 0.19340909090909092 0.014705882352941176 0.011363636363636364
0 0.32794117647058824 0.23886363636363636 0.014705882352941176 0.011363636363636364
0 0.32794117647058824 0.2084090909090909 0.014705882352941176 0.011363636363636364
0 0.07264705882352941 0.2084090909090909 0.014705882352941176 0.011363636363636364
0 0.07264705882352941 0.22340909090909092 0.014705882352941176 0.011363636363636364
