0 0.07088235294117647 0.3038636363636364 0.014705882352941176 0.011363636363636364
0 0.13911764705882354 0.22704545454545455 0.014705882352941176 0.011363636363636364
0 0.07088235294117647 0.3493181818181818 0.014705882352941176 0.011363636363636364
0 0.07088235294117647 0.4934090909090909 0.014705882352941176 0.011363636363636364
0 0.07617647058823529 0.3947727272727273 0.014705882352941176 0.011363636363636364
0 0.07088235294117647 0.22704545454545455 0.014705882352941176 0.011363636363636364
0 0.07088235294117647 0.37977272727272726 0.014705882352941176 0.011363636363636364
0 0.07088235294117647 0.4329545454545455 0.014705882352941176 0.011363636363636364
0 0.07088235294117647 0.8115909090909091 0.014705882352941176 0.011363636363636364
0 0.07088235294117647 0.31931818181818183 0.014705882352941176 0.011363636363636364
0 0.07088235294117647 0.2584090909090909 0.014705882352941176 0.011363636363636364
0 0.07088235294117647 0.5084090909090909 0.014705882352941176 0.011363636363636364
0 0.07088235294117647 0.2888636363636364 0.014705882352941176 0.011363636363636364
0 0.07088235294117647 0.4784090909090909 0.014705882352941176 0.011363636363636364
0 0.07088235294117647 0.46295454545454545 0.014705882352941176 0.011363636363636364
0 0.07088235294117647 0.44795454545454544 0.014705882352941176 0.011363636363636364
0 0.07088235294117647 0.36477272727272725 0.014705882352941176 0.011363636363636364
0 0.13911764705882354 0.8115909090909091 0.014705882352941176 0.011363636363636364
0 0.07088235294117647 0.27386363636363636 0.014705882352941176 0.011363636363636364
0 0.07088235294117647 0.9415909090909091 0.014705882352941176 0.011363636363636364
0 0.07088235294117647 0.3343181818181818 0.014705882352941176 0.011363636363636364
0 0.15911764705882353 0.9415909090909091 0.014705882352941176 0.011363636363636364
0 0.26676470588235296 0.9415909090909091 0.014705882352941176 0.011363636363636364
