0 0.07323529411764707 0.44977272727272727 0.014705882352941176 0.011363636363636364
0 0.07323529411764707 0.4043181818181818 0.014705882352941176 0.011363636363636364
0 0.0738235294117647 0.8329545454545455 0.014705882352941176 0.011363636363636364
0 0.07323529411764707 0.37386363636363634 0.014705882352941176 0.011363636363636364
0 0.07323529411764707 0.43477272727272726 0.014705882352941176 0.011363636363636364
0 0.07323529411764707 0.38931818181818184 0.014705882352941176 0.011363636363636364
0 0.14147058823529413 0.2752272727272727 0.014705882352941176 0.011363636363636364
0 0.07264705882352941 0.2761363636363636 0.014705882352941176 0.011363636363636364
0 0.07323529411764707 0.3588636363636364 0.014705882352941176 0.011363636363636364
0 0.07323529411764707 0.4193181818181818 0.014705882352941176 0.011363636363636364
0 0.14205882352941177 0.8329545454545455 0.014705882352941176 0.011363636363636364
0 0.07323529411764707 0.4647727272727273 0.014705882352941176 0.011363636363636364
0 0.07323529411764707 0.4802272727272727 0.014705882352941176 0.011363636363636364
0 0.07323529411764707 0.5179545454545454 0.014705882352941176 0.011363636363636364
