0 0.07088235294117647 0.2056818181818182 0.014705882352941176 0.011363636363636364
0 0.13911764705882354 0.7043181818181818 0.014705882352941176 0.011363636363636364
0 0.13911764705882354 0.08204545454545455 0.014705882352941176 0.011363636363636364
0 0.07088235294117647 0.4102272727272727 0.014705882352941176 0.011363636363636364
0 0.07088235294117647 0.28113636363636363 0.014705882352941176 0.011363636363636364
0 0.15911764705882353 0.11977272727272727 0.014705882352941176 0.011363636363636364
0 0.13911764705882354 0.7575 0.014705882352941176 0.011363636363636364
0 0.07088235294117647 0.35704545454545455 0.014705882352941176 0.011363636363636364
0 0.10029411764705883 0.9102272727272728 0.014705882352941176 0.011363636363636364
0 0.5685294117647058 0.9318181818181818 0.7252941176470589 0.03090909090909091
0 0.07088235294117647 0.6738636363636363 0.014705882352941176 0.011363636363636364
0 0.13911764705882354 0.8620454545454546 0.014705882352941176 0.011363636363636364
0 0.07088235294117647 0.17295454545454544 0.014705882352941176 0.011363636363636364
0 0.07088235294117647 0.8620454545454546 0.014705882352941176 0.011363636363636364
0 0.07205882352941176 0.7579545454545454 0.014705882352941176 0.011363636363636364
0 0.07088235294117647 0.31931818181818183 0.014705882352941176 0.011363636363636364
0 0.07088235294117647 0.22840909090909092 0.014705882352941176 0.011363636363636364
0 0.07088235294117647 0.7043181818181818 0.014705882352941176 0.011363636363636364
0 0.13911764705882354 0.17295454545454544 0.014705882352941176 0.011363636363636364
0 0.07088235294117647 0.49113636363636365 0.014705882352941176 0.011363636363636364
0 0.10029411764705883 0.9252272727272727 0.014705882352941176 0.011363636363636364
0 0.13911764705882354 0.49113636363636365 0.014705882352941176 0.011363636363636364
0 0.13911764705882354 0.6738636363636363 0.014705882352941176 0.011363636363636364
0 0.07088235294117647 0.11977272727272727 0.014705882352941176 0.011363636363636364
0 0.07088235294117647 0.08204545454545455 0.014705882352941176 0.011363636363636364
