0 0.7197058823529412 0.5734090909090909 0.07823529411764706 0.019545454545454546
0 0.06411764705882353 0.9390909090909091 0.012941176470588235 0.01
0 0.14705882352941177 0.884090909090909 0.012941176470588235 0.01
0 0.08941176470588236 0.5272727272727272 0.012941176470588235 0.01
0 0.06411764705882353 0.884090909090909 0.012941176470588235 0.01
0 0.2591176470588235 0.5218181818181818 0.07823529411764706 0.022727272727272728
0 0.14705882352941177 0.9390909090909091 0.012941176470588235 0.01
0 0.14705882352941177 0.7031818181818181 0.012941176470588235 0.01
0 0.09117647058823529 0.5795454545454546 0.012941176470588235 0.01
0 0.09117647058823529 0.475 0.012941176470588235 0.01
0 0.06411764705882353 0.8254545454545454 0.012941176470588235 0.01
0 0.14705882352941177 0.8254545454545454 0.012941176470588235 0.01
0 0.06411764705882353 0.7031818181818181 0.012941176470588235 0.01
