0 0.26676470588235296 0.7770454545454546 0.014705882352941176 0.011363636363636364
0 0.365 0.8897727272727273 0.014705882352941176 0.011363636363636364
0 0.365 0.6511363636363636 0.014705882352941176 0.011363636363636364
0 0.44323529411764706 0.6815909090909091 0.014705882352941176 0.011363636363636364
0 0.1361764705882353 0.3634090909090909 0.014705882352941176 0.011363636363636364
0 0.1885294117647059 0.8329545454545455 0.014705882352941176 0.011363636363636364
0 0.2373529411764706 0.7315909090909091 0.014705882352941176 0.011363636363636364
0 0.365 0.6211363636363636 0.014705882352941176 0.011363636363636364
0 0.06735294117647059 0.3634090909090909 0.014705882352941176 0.011363636363636364
0 0.44323529411764706 0.6211363636363636 0.014705882352941176 0.011363636363636364
0 0.2861764705882353 0.7315909090909091 0.014705882352941176 0.011363636363636364
0 0.44323529411764706 0.7193181818181819 0.014705882352941176 0.011363636363636364
0 0.1361764705882353 0.5302272727272728 0.014705882352941176 0.011363636363636364
0 0.06735294117647059 0.5302272727272728 0.014705882352941176 0.011363636363636364
0 0.2961764705882353 0.8897727272727273 0.014705882352941176 0.011363636363636364
0 0.2373529411764706 0.8329545454545455 0.014705882352941176 0.011363636363636364
0 0.44323529411764706 0.8102272727272727 0.014705882352941176 0.011363636363636364
0 0.21794117647058822 0.7770454545454546 0.014705882352941176 0.011363636363636364
0 0.2961764705882353 0.8670454545454546 0.014705882352941176 0.011363636363636364
0 0.365 0.8102272727272727 0.014705882352941176 0.011363636363636364
0 0.365 0.8670454545454546 0.014705882352941176 0.011363636363636364
0 0.365 0.7193181818181819 0.014705882352941176 0.011363636363636364
0 0.44323529411764706 0.7647727272727273 0.014705882352941176 0.011363636363636364
0 0.365 0.6815909090909091 0.014705882352941176 0.011363636363636364
0 0.44323529411764706 0.6511363636363636 0.014705882352941176 0.011363636363636364
0 0.365 0.7647727272727273 0.014705882352941176 0.011363636363636364
