0 0.07088235294117647 0.9025 0.014705882352941176 0.011363636363636364
0 0.12970588235294117 0.8102272727272727 0.014705882352941176 0.011363636363636364
0 0.07088235294117647 0.2661363636363636 0.014705882352941176 0.011363636363636364
0 0.12970588235294117 0.6815909090909091 0.014705882352941176 0.011363636363636364
0 0.07088235294117647 0.4088636363636364 0.014705882352941176 0.011363636363636364
0 0.12970588235294117 0.5984090909090909 0.014705882352941176 0.011363636363636364
0 0.07088235294117647 0.1375 0.014705882352941176 0.011363636363636364
0 0.07088235294117647 0.9329545454545455 0.014705882352941176 0.011363636363636364
0 0.12970588235294117 0.4088636363636364 0.014705882352941176 0.011363636363636364
0 0.07088235294117647 0.9175 0.014705882352941176 0.011363636363636364
0 0.07088235294117647 0.6815909090909091 0.014705882352941176 0.011363636363636364
0 0.07088235294117647 0.5984090909090909 0.014705882352941176 0.011363636363636364
0 0.07088235294117647 0.11477272727272728 0.014705882352941176 0.011363636363636364
0 0.07088235294117647 0.31931818181818183 0.014705882352941176 0.011363636363636364
0 0.07088235294117647 0.22840909090909092 0.014705882352941176 0.011363636363636364
0 0.07088235294117647 0.8102272727272727 0.014705882352941176 0.011363636363636364
0 0.07088235294117647 0.6284090909090909 0.014705882352941176 0.011363636363636364
0 0.12970588235294117 0.6284090909090909 0.014705882352941176 0.011363636363636364
0 0.07088235294117647 0.19022727272727272 0.014705882352941176 0.011363636363636364
