0 0.13911764705882354 0.5438636363636363 0.014705882352941176 0.011363636363636364
0 0.07088235294117647 0.7184090909090909 0.014705882352941176 0.011363636363636364
0 0.13911764705882354 0.32431818181818184 0.014705882352941176 0.011363636363636364
0 0.07088235294117647 0.3925 0.014705882352941176 0.011363636363636364
0 0.07088235294117647 0.9002272727272728 0.014705882352941176 0.011363636363636364
0 0.5538235294117647 0.26477272727272727 0.7547058823529412 0.015
0 0.13911764705882354 0.6120454545454546 0.014705882352941176 0.011363636363636364
0 0.07088235294117647 0.9379545454545455 0.014705882352941176 0.011363636363636364
0 0.07088235294117647 0.6879545454545455 0.014705882352941176 0.011363636363636364
0 0.13911764705882354 0.4606818181818182 0.014705882352941176 0.011363636363636364
0 0.07088235294117647 0.7938636363636363 0.014705882352941176 0.011363636363636364
0 0.07088235294117647 0.15022727272727274 0.014705882352941176 0.011363636363636364
0 0.5538235294117647 0.9447727272727273 0.7547058823529412 0.026818181818181817
0 0.10029411764705883 0.8393181818181819 0.014705882352941176 0.011363636363636364
0 0.07088235294117647 0.22568181818181818 0.014705882352941176 0.011363636363636364
0 0.07088235294117647 0.5438636363636363 0.014705882352941176 0.011363636363636364
0 0.07088235294117647 0.8620454545454546 0.014705882352941176 0.011363636363636364
0 0.07088235294117647 0.26386363636363636 0.014705882352941176 0.011363636363636364
0 0.07088235294117647 0.6120454545454546 0.014705882352941176 0.011363636363636364
0 0.13911764705882354 0.3925 0.014705882352941176 0.011363636363636364
0 0.13911764705882354 0.6879545454545455 0.014705882352941176 0.011363636363636364
0 0.07088235294117647 0.49113636363636365 0.014705882352941176 0.011363636363636364
0 0.07088235294117647 0.32431818181818184 0.014705882352941176 0.011363636363636364
0 0.13911764705882354 0.49113636363636365 0.014705882352941176 0.011363636363636364
0 0.07088235294117647 0.7411363636363636 0.014705882352941176 0.011363636363636364
0 0.07088235294117647 0.18795454545454546 0.014705882352941176 0.011363636363636364
0 0.10029411764705883 0.11204545454545455 0.014705882352941176 0.011363636363636364
0 0.07088235294117647 0.08204545454545455 0.014705882352941176 0.011363636363636364
0 0.10029411764705883 0.1275 0.014705882352941176 0.011363636363636364
0 0.07088235294117647 0.4606818181818182 0.014705882352941176 0.011363636363636364
0 0.10029411764705883 0.8243181818181818 0.014705882352941176 0.011363636363636364
