0 0.07088235294117647 0.7361363636363636 0.014705882352941176 0.011363636363636364
0 0.07088235294117647 0.7061363636363637 0.014705882352941176 0.011363636363636364
0 0.13911764705882354 0.8475 0.014705882352941176 0.011363636363636364
0 0.13911764705882354 0.5825 0.014705882352941176 0.011363636363636364
0 0.13911764705882354 0.3125 0.014705882352941176 0.011363636363636364
0 0.07088235294117647 0.6906818181818182 0.014705882352941176 0.011363636363636364
0 0.07088235294117647 0.7515909090909091 0.014705882352941176 0.011363636363636364
0 0.07088235294117647 0.7211363636363637 0.014705882352941176 0.011363636363636364
0 0.06794117647058824 0.1025 0.014705882352941176 0.011363636363636364
0 0.06794117647058824 0.1475 0.014705882352941176 0.011363636363636364
0 0.07088235294117647 0.47113636363636363 0.014705882352941176 0.011363636363636364
0 0.30823529411764705 0.7729545454545454 0.2647058823529412 0.015
0 0.07088235294117647 0.7743181818181818 0.014705882352941176 0.011363636363636364
0 0.07088235294117647 0.6152272727272727 0.014705882352941176 0.011363636363636364
0 0.07088235294117647 0.6756818181818182 0.014705882352941176 0.011363636363636364
0 0.07088235294117647 0.5315909090909091 0.014705882352941176 0.011363636363636364
0 0.07088235294117647 0.6452272727272728 0.014705882352941176 0.011363636363636364
0 0.07088235294117647 0.31295454545454543 0.014705882352941176 0.011363636363636364
0 0.07088235294117647 0.6302272727272727 0.014705882352941176 0.011363636363636364
0 0.07088235294117647 0.8102272727272727 0.014705882352941176 0.011363636363636364
0 0.1361764705882353 0.10204545454545455 0.014705882352941176 0.011363636363636364
0 0.07088235294117647 0.6606818181818181 0.014705882352941176 0.011363636363636364
0 0.07088235294117647 0.5015909090909091 0.014705882352941176 0.011363636363636364
0 0.13911764705882354 0.8097727272727273 0.014705882352941176 0.011363636363636364
0 0.07088235294117647 0.8479545454545454 0.014705882352941176 0.011363636363636364
0 0.07088235294117647 0.5165909090909091 0.014705882352941176 0.011363636363636364
0 0.07088235294117647 0.5470454545454545 0.014705882352941176 0.011363636363636364
0 0.07088235294117647 0.48613636363636364 0.014705882352941176 0.011363636363636364
0 0.07088235294117647 0.43886363636363634 0.014705882352941176 0.011363636363636364
0 0.1361764705882353 0.1475 0.014705882352941176 0.011363636363636364
0 0.13911764705882354 0.4384090909090909 0.014705882352941176 0.011363636363636364
0 0.07088235294117647 0.5829545454545455 0.014705882352941176 0.011363636363636364
0 0.30823529411764705 0.5456818181818182 0.2647058823529412 0.015
