0 0.49941176470588233 0.8631818181818182 0.9094117647058824 0.03
0 0.49941176470588233 0.7268181818181818 0.9094117647058824 0.03
0 0.47323529411764703 0.05659090909090909 0.01588235294117647 0.012272727272727272
0 0.052647058823529415 0.8861363636363636 0.01588235294117647 0.012272727272727272
0 0.49941176470588233 0.6356818181818182 0.9094117647058824 0.030454545454545453
0 0.49941176470588233 0.16636363636363635 0.9094117647058824 0.045454545454545456
0 0.2914705882352941 0.13204545454545455 0.01588235294117647 0.012272727272727272
0 0.46794117647058825 0.43522727272727274 0.01588235294117647 0.012272727272727272
0 0.27676470588235297 0.5488636363636363 0.01588235294117647 0.012272727272727272
0 0.052647058823529415 0.7952272727272728 0.01588235294117647 0.012272727272727272
0 0.6444117647058824 0.43522727272727274 0.01588235294117647 0.012272727272727272
0 0.49941176470588233 0.7722727272727272 0.9094117647058824 0.03
0 0.49941176470588233 0.3972727272727273 0.9094117647058824 0.05272727272727273
0 0.052647058823529415 0.7043181818181818 0.01588235294117647 0.012272727272727272
0 0.3114705882352941 0.43522727272727274 0.01588235294117647 0.012272727272727272
0 0.5761764705882353 0.43522727272727274 0.01588235294117647 0.012272727272727272
0 0.052647058823529415 0.6588636363636363 0.01588235294117647 0.012272727272727272
0 0.49941176470588233 0.9086363636363637 0.9094117647058824 0.03
0 0.49941176470588233 0.8177272727272727 0.9094117647058824 0.03
0 0.20852941176470588 0.05659090909090909 0.01588235294117647 0.012272727272727272
0 0.45323529411764707 0.3593181818181818 0.01588235294117647 0.012272727272727272
0 0.3261764705882353 0.05659090909090909 0.01588235294117647 0.012272727272727272
0 0.8397058823529412 0.43522727272727274 0.01588235294117647 0.012272727272727272
0 0.6885294117647058 0.5488636363636363 0.01588235294117647 0.012272727272727272
0 0.39441176470588235 0.3593181818181818 0.01588235294117647 0.012272727272727272
0 0.052647058823529415 0.6129545454545454 0.01588235294117647 0.012272727272727272
0 0.2326470588235294 0.13204545454545455 0.01588235294117647 0.012272727272727272
0 0.052647058823529415 0.8406818181818182 0.01588235294117647 0.012272727272727272
0 0.49941176470588233 0.6813636363636364 0.9094117647058824 0.03
0 0.21794117647058822 0.5488636363636363 0.01588235294117647 0.012272727272727272
0 0.052647058823529415 0.7497727272727273 0.01588235294117647 0.012272727272727272
0 0.6297058823529412 0.5488636363636363 0.01588235294117647 0.012272727272727272
