0 0.5791176470588235 0.3115909090909091 0.014705882352941176 0.011363636363636364
0 0.4491176470588235 0.2938636363636364 0.014705882352941176 0.011363636363636364
0 0.3426470588235294 0.4056818181818182 0.014705882352941176 0.011363636363636364
0 0.05029411764705882 0.31386363636363634 0.014705882352941176 0.011363636363636364
0 0.33852941176470586 0.3115909090909091 0.014705882352941176 0.011363636363636364
0 0.4102941176470588 0.24977272727272729 0.014705882352941176 0.011363636363636364
0 0.795 0.3115909090909091 0.014705882352941176 0.011363636363636364
0 0.7085294117647059 0.3075 0.13470588235294118 0.021363636363636362
0 0.33852941176470586 0.2938636363636364 0.014705882352941176 0.011363636363636364
0 0.12029411764705883 0.4056818181818182 0.014705882352941176 0.011363636363636364
0 0.5791176470588235 0.2938636363636364 0.014705882352941176 0.011363636363636364
0 0.5697058823529412 0.2325 0.014705882352941176 0.011363636363636364
0 0.13147058823529412 0.31204545454545457 0.014705882352941176 0.011363636363636364
0 0.8632352941176471 0.3115909090909091 0.014705882352941176 0.011363636363636364
0 0.41441176470588237 0.4056818181818182 0.014705882352941176 0.011363636363636364
0 0.45029411764705884 0.3115909090909091 0.014705882352941176 0.011363636363636364
0 0.4102941176470588 0.2325 0.014705882352941176 0.011363636363636364
0 0.04911764705882353 0.4056818181818182 0.014705882352941176 0.011363636363636364
0 0.5138235294117647 0.2938636363636364 0.014705882352941176 0.011363636363636364
0 0.5697058823529412 0.25113636363636366 0.014705882352941176 0.011363636363636364
0 0.5138235294117647 0.3115909090909091 0.014705882352941176 0.011363636363636364
0 0.21970588235294117 0.3115909090909091 0.014705882352941176 0.011363636363636364
