0 0.07088235294117647 0.3534090909090909 0.014705882352941176 0.011363636363636364
0 0.07088235294117647 0.46704545454545454 0.014705882352941176 0.011363636363636364
0 0.07088235294117647 0.5352272727272728 0.014705882352941176 0.011363636363636364
0 0.07088235294117647 0.7965909090909091 0.014705882352941176 0.011363636363636364
0 0.07088235294117647 0.5579545454545455 0.014705882352941176 0.011363636363636364
0 0.07088235294117647 0.39886363636363636 0.014705882352941176 0.011363636363636364
0 0.07088235294117647 0.5125 0.014705882352941176 0.011363636363636364
0 0.07088235294117647 0.8947727272727273 0.014705882352941176 0.011363636363636364
0 0.07088235294117647 0.37613636363636366 0.014705882352941176 0.011363636363636364
0 0.07088235294117647 0.3306818181818182 0.014705882352941176 0.011363636363636364
0 0.21794117647058822 0.8570454545454546 0.014705882352941176 0.011363636363636364
0 0.07088235294117647 0.48977272727272725 0.014705882352941176 0.011363636363636364
0 0.13911764705882354 0.29295454545454547 0.014705882352941176 0.011363636363636364
0 0.345 0.8570454545454546 0.014705882352941176 0.011363636363636364
0 0.07088235294117647 0.44431818181818183 0.014705882352941176 0.011363636363636364
0 0.07205882352941176 0.5811363636363637 0.014705882352941176 0.011363636363636364
0 0.07088235294117647 0.9102272727272728 0.014705882352941176 0.011363636363636364
0 0.13911764705882354 0.8420454545454545 0.014705882352941176 0.011363636363636364
0 0.07088235294117647 0.42159090909090907 0.014705882352941176 0.011363636363636364
0 0.13911764705882354 0.7965909090909091 0.014705882352941176 0.011363636363636364
0 0.6073529411764705 0.9334090909090909 0.6664705882352941 0.028636363636363637
0 0.07088235294117647 0.8420454545454545 0.014705882352941176 0.011363636363636364
0 0.2861764705882353 0.8570454545454546 0.014705882352941176 0.011363636363636364
0 0.07088235294117647 0.29295454545454547 0.014705882352941176 0.011363636363636364
0 0.07088235294117647 0.9252272727272727 0.014705882352941176 0.011363636363636364
