0 0.13911764705882354 0.14477272727272728 0.014705882352941176 0.011363636363636364
0 0.07147058823529412 0.6384090909090909 0.014705882352941176 0.011363636363636364
0 0.07147058823529412 0.38295454545454544 0.014705882352941176 0.011363636363636364
0 0.07147058823529412 0.3679545454545455 0.014705882352941176 0.011363636363636364
0 0.07147058823529412 0.5270454545454546 0.014705882352941176 0.011363636363636364
0 0.13970588235294118 0.6379545454545454 0.014705882352941176 0.011363636363636364
0 0.13970588235294118 0.3347727272727273 0.014705882352941176 0.011363636363636364
0 0.07147058823529412 0.45886363636363636 0.014705882352941176 0.011363636363636364
0 0.07147058823529412 0.5725 0.014705882352941176 0.011363636363636364
0 0.30411764705882355 0.6011363636363637 0.2741176470588235 0.015
0 0.13911764705882354 0.10477272727272727 0.014705882352941176 0.011363636363636364
0 0.07147058823529412 0.49477272727272725 0.014705882352941176 0.011363636363636364
0 0.07147058823529412 0.5570454545454545 0.014705882352941176 0.011363636363636364
0 0.07147058823529412 0.4134090909090909 0.014705882352941176 0.011363636363636364
0 0.07088235294117647 0.10522727272727272 0.014705882352941176 0.011363636363636364
0 0.07147058823529412 0.39795454545454545 0.014705882352941176 0.011363636363636364
0 0.07147058823529412 0.4434090909090909 0.014705882352941176 0.011363636363636364
0 0.07147058823529412 0.3356818181818182 0.014705882352941176 0.011363636363636364
0 0.07147058823529412 0.4284090909090909 0.014705882352941176 0.011363636363636364
0 0.13970588235294118 0.49386363636363634 0.014705882352941176 0.011363636363636364
0 0.07147058823529412 0.5420454545454545 0.014705882352941176 0.011363636363636364
0 0.30411764705882355 0.4575 0.2741176470588235 0.015
0 0.07088235294117647 0.14477272727272728 0.014705882352941176 0.011363636363636364
0 0.07147058823529412 0.6025 0.014705882352941176 0.011363636363636364
0 0.07147058823529412 0.5875 0.014705882352941176 0.011363636363636364
