0 0.09911764705882353 0.20295454545454544 0.014705882352941176 0.011363636363636364
0 0.08147058823529411 0.26886363636363636 0.014705882352941176 0.011363636363636364
0 0.08147058823529411 0.11431818181818182 0.014705882352941176 0.011363636363636364
0 0.09911764705882353 0.15931818181818183 0.014705882352941176 0.011363636363636364
0 0.2914705882352941 0.23386363636363636 0.14058823529411765 0.015909090909090907
0 0.1373529411764706 0.11431818181818182 0.014705882352941176 0.011363636363636364
0 0.08147058823529411 0.3911363636363636 0.014705882352941176 0.011363636363636364
0 0.1373529411764706 0.26886363636363636 0.014705882352941176 0.011363636363636364
0 0.1373529411764706 0.3911363636363636 0.014705882352941176 0.011363636363636364
0 0.09911764705882353 0.23295454545454544 0.014705882352941176 0.011363636363636364
