0 0.07088235294117647 0.1675 0.014705882352941176 0.011363636363636364
0 0.07088235294117647 0.14477272727272728 0.014705882352941176 0.011363636363636364
0 0.07088235294117647 0.09931818181818182 0.014705882352941176 0.011363636363636364
0 0.07088235294117647 0.12977272727272726 0.014705882352941176 0.011363636363636364
0 0.12970588235294117 0.3634090909090909 0.014705882352941176 0.011363636363636364
0 0.07088235294117647 0.26477272727272727 0.014705882352941176 0.011363636363636364
0 0.07088235294117647 0.3634090909090909 0.014705882352941176 0.011363636363636364
0 0.12970588235294117 0.26477272727272727 0.014705882352941176 0.011363636363636364
0 0.07088235294117647 0.11477272727272728 0.014705882352941176 0.011363636363636364
0 0.07088235294117647 0.08431818181818182 0.014705882352941176 0.011363636363636364
