0 0.8002941176470588 0.34136363636363637 0.2852941176470588 0.02181818181818182
0 0.41852941176470587 0.2315909090909091 0.01588235294117647 0.012272727272727272
0 0.06558823529411764 0.5425 0.01588235294117647 0.012272727272727272
0 0.6644117647058824 0.5843181818181818 0.01588235294117647 0.012272727272727272
0 0.8297058823529412 0.6070454545454546 0.01588235294117647 0.012272727272727272
0 0.6644117647058824 0.2938636363636364 0.01588235294117647 0.012272727272727272
0 0.8002941176470588 0.6586363636363637 0.2852941176470588 0.02181818181818182
0 0.06558823529411764 0.17886363636363636 0.01588235294117647 0.012272727272727272
0 0.06558823529411764 0.4893181818181818 0.01588235294117647 0.012272727272727272
0 0.6644117647058824 0.2711363636363636 0.01588235294117647 0.012272727272727272
0 0.35323529411764704 0.4893181818181818 0.01588235294117647 0.012272727272727272
0 0.6644117647058824 0.6297727272727273 0.01588235294117647 0.012272727272727272
0 0.41852941176470587 0.5420454545454545 0.01588235294117647 0.012272727272727272
0 0.35323529411764704 0.4565909090909091 0.01588235294117647 0.012272727272727272
0 0.06558823529411764 0.1456818181818182 0.01588235294117647 0.012272727272727272
0 0.06558823529411764 0.23022727272727272 0.01588235294117647 0.012272727272727272
0 0.35323529411764704 0.1456818181818182 0.01588235294117647 0.012272727272727272
0 0.06558823529411764 0.4565909090909091 0.01588235294117647 0.012272727272727272
0 0.35323529411764704 0.17886363636363636 0.01588235294117647 0.012272727272727272
0 0.06558823529411764 0.47295454545454546 0.01588235294117647 0.012272727272727272
0 0.06558823529411764 0.1625 0.01588235294117647 0.012272727272727272
0 0.6644117647058824 0.3165909090909091 0.01588235294117647 0.012272727272727272
0 0.8297058823529412 0.2938636363636364 0.01588235294117647 0.012272727272727272
0 0.6644117647058824 0.6070454545454546 0.01588235294117647 0.012272727272727272
0 0.8297058823529412 0.5843181818181818 0.01588235294117647 0.012272727272727272
0 0.8297058823529412 0.2711363636363636 0.01588235294117647 0.012272727272727272
