0 0.10029411764705883 0.38795454545454544 0.014705882352941176 0.011363636363636364
0 0.10029411764705883 0.28113636363636363 0.014705882352941176 0.011363636363636364
0 0.07088235294117647 0.6361363636363636 0.014705882352941176 0.011363636363636364
0 0.13911764705882354 0.5679545454545455 0.014705882352941176 0.011363636363636364
0 0.10029411764705883 0.12204545454545454 0.014705882352941176 0.011363636363636364
0 0.07088235294117647 0.7356818181818182 0.014705882352941176 0.011363636363636364
0 0.07088235294117647 0.7965909090909091 0.014705882352941176 0.011363636363636364
0 0.13911764705882354 0.08795454545454545 0.014705882352941176 0.011363636363636364
0 0.10029411764705883 0.3347727272727273 0.014705882352941176 0.011363636363636364
0 0.10029411764705883 0.22840909090909092 0.014705882352941176 0.011363636363636364
0 0.07088235294117647 0.5679545454545455 0.014705882352941176 0.011363636363636364
0 0.13911764705882354 0.5375 0.014705882352941176 0.011363636363636364
0 0.5588235294117647 0.8102272727272727 0.7647058823529411 0.015
0 0.07088235294117647 0.9088636363636363 0.014705882352941176 0.011363636363636364
0 0.13911764705882354 0.6665909090909091 0.014705882352941176 0.011363636363636364
0 0.07088235294117647 0.8115909090909091 0.014705882352941176 0.011363636363636364
0 0.13911764705882354 0.8484090909090909 0.014705882352941176 0.011363636363636364
0 0.10029411764705883 0.19022727272727272 0.014705882352941176 0.011363636363636364
0 0.13911764705882354 0.6361363636363636 0.014705882352941176 0.011363636363636364
0 0.07088235294117647 0.5375 0.014705882352941176 0.011363636363636364
0 0.07088235294117647 0.6665909090909091 0.014705882352941176 0.011363636363636364
0 0.6073529411764705 0.19113636363636363 0.6664705882352941 0.015
0 0.07088235294117647 0.8938636363636364 0.014705882352941176 0.011363636363636364
0 0.07088235294117647 0.7811363636363636 0.014705882352941176 0.011363636363636364
0 0.13911764705882354 0.4847727272727273 0.014705882352941176 0.011363636363636364
0 0.07088235294117647 0.8484090909090909 0.014705882352941176 0.011363636363636364
0 0.07088235294117647 0.9238636363636363 0.014705882352941176 0.011363636363636364
0 0.07088235294117647 0.7511363636363636 0.014705882352941176 0.011363636363636364
0 0.10029411764705883 0.1375 0.014705882352941176 0.011363636363636364
0 0.07088235294117647 0.8784090909090909 0.014705882352941176 0.011363636363636364
0 0.07088235294117647 0.08795454545454545 0.014705882352941176 0.011363636363636364
0 0.07088235294117647 0.7661363636363636 0.014705882352941176 0.011363636363636364
0 0.07088235294117647 0.4847727272727273 0.014705882352941176 0.011363636363636364
