0 0.48264705882352943 0.8288636363636364 0.01588235294117647 0.012272727272727272
0 0.48264705882352943 0.7515909090909091 0.01588235294117647 0.012272727272727272
0 0.48264705882352943 0.7911363636363636 0.01588235294117647 0.012272727272727272
0 0.7597058823529412 0.38295454545454544 0.01588235294117647 0.012272727272727272
0 0.41794117647058826 0.38295454545454544 0.01588235294117647 0.012272727272727272
0 0.43558823529411766 0.8288636363636364 0.01588235294117647 0.012272727272727272
0 0.43558823529411766 0.7515909090909091 0.01588235294117647 0.012272727272727272
0 0.21205882352941177 0.42977272727272725 0.01588235294117647 0.012272727272727272
0 0.41794117647058826 0.42977272727272725 0.01588235294117647 0.012272727272727272
0 0.06676470588235293 0.38295454545454544 0.01588235294117647 0.012272727272727272
0 0.5832352941176471 0.42977272727272725 0.01588235294117647 0.012272727272727272
0 0.43558823529411766 0.7911363636363636 0.01588235294117647 0.012272727272727272
0 0.5832352941176471 0.38295454545454544 0.01588235294117647 0.012272727272727272
0 0.06676470588235293 0.42977272727272725 0.01588235294117647 0.012272727272727272
0 0.21205882352941177 0.38295454545454544 0.01588235294117647 0.012272727272727272
