0 0.06970588235294117 0.14386363636363636 0.014705882352941176 0.011363636363636364
0 0.22264705882352942 0.5602272727272727 0.014705882352941176 0.011363636363636364
0 0.5073529411764706 0.6665909090909091 0.014705882352941176 0.011363636363636364
0 0.06735294117647059 0.7952272727272728 0.014705882352941176 0.011363636363636364
0 0.32088235294117645 0.5302272727272728 0.014705882352941176 0.011363636363636364
0 0.22323529411764706 0.5452272727272728 0.014705882352941176 0.011363636363636364
0 0.3602941176470588 0.6511363636363636 0.014705882352941176 0.011363636363636364
0 0.22264705882352942 0.5302272727272728 0.014705882352941176 0.011363636363636364
0 0.06852941176470588 0.2425 0.014705882352941176 0.011363636363636364
0 0.4385294117647059 0.6211363636363636 0.014705882352941176 0.011363636363636364
0 0.06852941176470588 0.28795454545454546 0.014705882352941176 0.011363636363636364
0 0.32088235294117645 0.5147727272727273 0.014705882352941176 0.011363636363636364
0 0.2914705882352941 0.6511363636363636 0.014705882352941176 0.011363636363636364
0 0.32088235294117645 0.5602272727272727 0.014705882352941176 0.011363636363636364
0 0.32088235294117645 0.5756818181818182 0.014705882352941176 0.011363636363636364
0 0.32323529411764707 0.17431818181818182 0.014705882352941176 0.011363636363636364
0 0.5391176470588235 0.5452272727272728 0.19588235294117648 0.015
0 0.22264705882352942 0.5147727272727273 0.014705882352941176 0.011363636363636364
0 0.2914705882352941 0.6665909090909091 0.014705882352941176 0.011363636363636364
0 0.255 0.17431818181818182 0.014705882352941176 0.011363636363636364
0 0.16676470588235295 0.17431818181818182 0.014705882352941176 0.011363636363636364
0 0.40911764705882353 0.6665909090909091 0.014705882352941176 0.011363636363636364
0 0.6614705882352941 0.5756818181818182 0.2252941176470588 0.015
0 0.06852941176470588 0.0984090909090909 0.014705882352941176 0.011363636363636364
0 0.32088235294117645 0.6056818181818182 0.014705882352941176 0.011363636363636364
0 0.40911764705882353 0.6511363636363636 0.014705882352941176 0.011363636363636364
0 0.06735294117647059 0.39386363636363636 0.014705882352941176 0.011363636363636364
0 0.22264705882352942 0.5756818181818182 0.014705882352941176 0.011363636363636364
0 0.45794117647058824 0.6665909090909091 0.014705882352941176 0.011363636363636364
0 0.22264705882352942 0.6665909090909091 0.014705882352941176 0.011363636363636364
0 0.4385294117647059 0.5756818181818182 0.014705882352941176 0.011363636363636364
0 0.32088235294117645 0.6211363636363636 0.014705882352941176 0.011363636363636364
0 0.46794117647058825 0.5302272727272728 0.014705882352941176 0.011363636363636364
0 0.7523529411764706 0.2865909090909091 0.3623529411764706 0.015
0 0.06735294117647059 0.8484090909090909 0.014705882352941176 0.011363636363636364
0 0.45794117647058824 0.6511363636363636 0.014705882352941176 0.011363636363636364
0 0.4385294117647059 0.6056818181818182 0.014705882352941176 0.011363636363636364
0 0.22264705882352942 0.6511363636363636 0.014705882352941176 0.011363636363636364
0 0.22264705882352942 0.6211363636363636 0.014705882352941176 0.011363636363636364
0 0.5073529411764706 0.6511363636363636 0.014705882352941176 0.011363636363636364
0 0.32088235294117645 0.5452272727272728 0.014705882352941176 0.011363636363636364
0 0.1361764705882353 0.7647727272727273 0.014705882352941176 0.011363636363636364
0 0.615 0.5302272727272728 0.014705882352941176 0.011363636363636364
0 0.09794117647058824 0.17431818181818182 0.014705882352941176 0.011363636363636364
0 0.3602941176470588 0.6665909090909091 0.014705882352941176 0.011363636363636364
0 0.06735294117647059 0.7647727272727273 0.014705882352941176 0.011363636363636364
0 0.1361764705882353 0.8484090909090909 0.014705882352941176 0.011363636363636364
0 0.1361764705882353 0.7952272727272728 0.014705882352941176 0.011363636363636364
0 0.8132352941176471 0.5302272727272728 0.19588235294117648 0.015
0 0.1361764705882353 0.39386363636363636 0.014705882352941176 0.011363636363636364
0 0.22264705882352942 0.6056818181818182 0.014705882352941176 0.011363636363636364
