0 0.13558823529411765 0.6056818181818182 0.014705882352941176 0.011363636363636364
0 0.34558823529411764 0.33295454545454545 0.014705882352941176 0.011363636363636364
0 0.06735294117647059 0.6061363636363636 0.014705882352941176 0.011363636363636364
0 0.33205882352941174 0.9415909090909091 0.014705882352941176 0.011363636363636364
0 0.12205882352941176 0.9061363636363636 0.014705882352941176 0.011363636363636364
0 0.26676470588235296 0.5393181818181818 0.014705882352941176 0.011363636363636364
0 0.2697058823529412 0.11568181818181818 0.014705882352941176 0.011363636363636364
0 0.3467647058823529 0.4293181818181818 0.014705882352941176 0.011363636363636364
0 0.2691176470588235 0.9065909090909091 0.014705882352941176 0.011363636363636364
0 0.34852941176470587 0.11568181818181818 0.014705882352941176 0.011363636363636364
0 0.14147058823529413 0.8502272727272727 0.014705882352941176 0.011363636363636364
0 0.34852941176470587 0.23704545454545456 0.014705882352941176 0.011363636363636364
0 0.445 0.44522727272727275 0.014705882352941176 0.011363636363636364
0 0.2697058823529412 0.13113636363636363 0.014705882352941176 0.011363636363636364
0 0.34558823529411764 0.3634090909090909 0.014705882352941176 0.011363636363636364
0 0.26676470588235296 0.3634090909090909 0.014705882352941176 0.011363636363636364
0 0.44323529411764706 0.5543181818181818 0.014705882352941176 0.011363636363636364
0 0.4461764705882353 0.2825 0.014705882352941176 0.011363636363636364
0 0.26676470588235296 0.33295454545454545 0.014705882352941176 0.011363636363636364
0 0.0738235294117647 0.8670454545454546 0.014705882352941176 0.011363636363636364
0 0.26676470588235296 0.5243181818181818 0.014705882352941176 0.011363636363636364
0 0.2697058823529412 0.1915909090909091 0.014705882352941176 0.011363636363636364
0 0.44323529411764706 0.5697727272727273 0.014705882352941176 0.011363636363636364
0 0.4461764705882353 0.22204545454545455 0.014705882352941176 0.011363636363636364
0 0.26676470588235296 0.5697727272727273 0.014705882352941176 0.011363636363636364
0 0.2697058823529412 0.2825 0.014705882352941176 0.011363636363636364
0 0.34558823529411764 0.5697727272727273 0.014705882352941176 0.011363636363636364
0 0.34558823529411764 0.3484090909090909 0.014705882352941176 0.011363636363636364
0 0.2697058823529412 0.2675 0.014705882352941176 0.011363636363636364
0 0.4461764705882353 0.23704545454545456 0.014705882352941176 0.011363636363636364
0 0.2685294117647059 0.44431818181818183 0.014705882352941176 0.011363636363636364
0 0.34852941176470587 0.22204545454545455 0.014705882352941176 0.011363636363636364
0 0.4461764705882353 0.2675 0.014705882352941176 0.011363636363636364
0 0.4461764705882353 0.2520454545454546 0.014705882352941176 0.011363636363636364
0 0.06558823529411764 0.5088636363636364 0.014705882352941176 0.011363636363636364
0 0.2697058823529412 0.22204545454545455 0.014705882352941176 0.011363636363636364
0 0.26676470588235296 0.3784090909090909 0.014705882352941176 0.011363636363636364
0 0.08029411764705882 0.09704545454545455 0.014705882352941176 0.011363636363636364
0 0.2697058823529412 0.23704545454545456 0.014705882352941176 0.011363636363636364
0 0.06735294117647059 0.31795454545454543 0.014705882352941176 0.011363636363636364
0 0.2685294117647059 0.4602272727272727 0.014705882352941176 0.011363636363636364
0 0.44323529411764706 0.3484090909090909 0.014705882352941176 0.011363636363636364
0 0.0738235294117647 0.8515909090909091 0.014705882352941176 0.011363636363636364
0 0.2697058823529412 0.2520454545454546 0.014705882352941176 0.011363636363636364
0 0.4461764705882353 0.14613636363636365 0.014705882352941176 0.011363636363636364
0 0.06794117647058824 0.4138636363636364 0.014705882352941176 0.011363636363636364
0 0.445 0.4747727272727273 0.014705882352941176 0.011363636363636364
0 0.3467647058823529 0.4747727272727273 0.014705882352941176 0.011363636363636364
0 0.07088235294117647 0.7243181818181819 0.014705882352941176 0.011363636363636364
0 0.34852941176470587 0.14613636363636365 0.014705882352941176 0.011363636363636364
0 0.34558823529411764 0.3784090909090909 0.014705882352941176 0.011363636363636364
0 0.34558823529411764 0.5393181818181818 0.014705882352941176 0.011363636363636364
0 0.2697058823529412 0.14613636363636365 0.014705882352941176 0.011363636363636364
0 0.2697058823529412 0.2065909090909091 0.014705882352941176 0.011363636363636364
0 0.2685294117647059 0.4747727272727273 0.014705882352941176 0.011363636363636364
0 0.34852941176470587 0.1765909090909091 0.014705882352941176 0.011363636363636364
0 0.445 0.4293181818181818 0.014705882352941176 0.011363636363636364
0 0.34852941176470587 0.2520454545454546 0.014705882352941176 0.011363636363636364
0 0.4461764705882353 0.13113636363636363 0.014705882352941176 0.011363636363636364
0 0.19676470588235295 0.9415909090909091 0.014705882352941176 0.011363636363636364
0 0.4461764705882353 0.16113636363636363 0.014705882352941176 0.011363636363636364
0 0.34852941176470587 0.16113636363636363 0.014705882352941176 0.011363636363636364
0 0.44323529411764706 0.5243181818181818 0.014705882352941176 0.011363636363636364
0 0.445 0.4593181818181818 0.014705882352941176 0.011363636363636364
0 0.34558823529411764 0.5543181818181818 0.014705882352941176 0.011363636363636364
0 0.2697058823529412 0.16113636363636363 0.014705882352941176 0.011363636363636364
0 0.4461764705882353 0.2065909090909091 0.014705882352941176 0.011363636363636364
0 0.34852941176470587 0.2065909090909091 0.014705882352941176 0.011363636363636364
0 0.44323529411764706 0.3634090909090909 0.014705882352941176 0.011363636363636364
0 0.4461764705882353 0.1765909090909091 0.014705882352941176 0.011363636363636364
0 0.3467647058823529 0.4593181818181818 0.014705882352941176 0.011363636363636364
0 0.34852941176470587 0.2825 0.014705882352941176 0.011363636363636364
0 0.4461764705882353 0.11568181818181818 0.014705882352941176 0.011363636363636364
0 0.44323529411764706 0.33295454545454545 0.014705882352941176 0.011363636363636364
0 0.19794117647058823 0.9056818181818181 0.014705882352941176 0.011363636363636364
0 0.34852941176470587 0.2675 0.014705882352941176 0.011363636363636364
0 0.2538235294117647 0.9415909090909091 0.014705882352941176 0.011363636363636364
0 0.34852941176470587 0.1915909090909091 0.014705882352941176 0.011363636363636364
0 0.34558823529411764 0.5243181818181818 0.014705882352941176 0.011363636363636364
0 0.44323529411764706 0.5393181818181818 0.014705882352941176 0.011363636363636364
0 0.3467647058823529 0.44431818181818183 0.014705882352941176 0.011363636363636364
0 0.34852941176470587 0.13113636363636363 0.014705882352941176 0.011363636363636364
0 0.26676470588235296 0.3484090909090909 0.014705882352941176 0.011363636363636364
0 0.2685294117647059 0.4293181818181818 0.014705882352941176 0.011363636363636364
0 0.4461764705882353 0.1915909090909091 0.014705882352941176 0.011363636363636364
0 0.4073529411764706 0.9065909090909091 0.014705882352941176 0.011363636363636364
0 0.44323529411764706 0.3784090909090909 0.014705882352941176 0.011363636363636364
0 0.2697058823529412 0.1765909090909091 0.014705882352941176 0.011363636363636364
0 0.26676470588235296 0.5543181818181818 0.014705882352941176 0.011363636363636364
0 0.13911764705882354 0.7238636363636364 0.014705882352941176 0.011363636363636364
