0 0.07735294117647058 0.4243181818181818 0.01588235294117647 0.012272727272727272
0 0.7952941176470588 0.5693181818181818 0.17176470588235293 0.015909090909090907
0 0.07735294117647058 0.45431818181818184 0.01588235294117647 0.012272727272727272
0 0.07735294117647058 0.5497727272727273 0.01588235294117647 0.012272727272727272
0 0.46794117647058825 0.48613636363636364 0.13 0.015909090909090907
0 0.07735294117647058 0.6165909090909091 0.01588235294117647 0.012272727272727272
0 0.07735294117647058 0.7706818181818181 0.01588235294117647 0.012272727272727272
0 0.33294117647058824 0.7284090909090909 0.15176470588235294 0.015909090909090907
0 0.07735294117647058 0.4847727272727273 0.01588235294117647 0.012272727272727272
0 0.38382352941176473 0.5684090909090909 0.09941176470588235 0.015909090909090907
0 0.5905882352941176 0.6820454545454545 0.14941176470588236 0.015909090909090907
0 0.07735294117647058 0.6815909090909091 0.01588235294117647 0.012272727272727272
0 0.07735294117647058 0.7261363636363637 0.01588235294117647 0.012272727272727272
0 0.38176470588235295 0.6184090909090909 0.14823529411764705 0.015909090909090907
0 0.5191176470588236 0.5502272727272727 0.20294117647058824 0.015909090909090907
0 0.23852941176470588 0.5038636363636364 0.08294117647058824 0.015909090909090907
