0 0.13852941176470587 0.46386363636363637 0.014705882352941176 0.011363636363636364
0 0.06852941176470588 0.0984090909090909 0.014705882352941176 0.011363636363636364
0 0.06970588235294117 0.3665909090909091 0.014705882352941176 0.011363636363636364
0 0.06911764705882353 0.12386363636363637 0.014705882352941176 0.011363636363636364
0 0.06970588235294117 0.2902272727272727 0.014705882352941176 0.011363636363636364
0 0.13852941176470587 0.3665909090909091 0.014705882352941176 0.011363636363636364
0 0.13852941176470587 0.2902272727272727 0.014705882352941176 0.011363636363636364
0 0.13794117647058823 0.12386363636363637 0.014705882352941176 0.011363636363636364
0 0.06970588235294117 0.46386363636363637 0.014705882352941176 0.011363636363636364
0 0.1373529411764706 0.0984090909090909 0.014705882352941176 0.011363636363636364
