0 0.1038235294117647 0.8293181818181818 0.01588235294117647 0.012272727272727272
0 0.08852941176470588 0.8965909090909091 0.01588235294117647 0.012272727272727272
0 0.7685294117647059 0.7665909090909091 0.01588235294117647 0.012272727272727272
0 0.5955882352941176 0.7879545454545455 0.01588235294117647 0.012272727272727272
0 0.08852941176470588 0.7456818181818182 0.01588235294117647 0.012272727272727272
0 0.40794117647058825 0.7229545454545454 0.01588235294117647 0.012272727272727272
0 0.5785294117647058 0.7470454545454546 0.01588235294117647 0.012272727272727272
0 0.10441176470588236 0.7665909090909091 0.01588235294117647 0.012272727272727272
0 0.08852941176470588 0.8725 0.01588235294117647 0.012272727272727272
0 0.08794117647058823 0.7238636363636364 0.01588235294117647 0.012272727272727272
0 0.5955882352941176 0.7665909090909091 0.01588235294117647 0.012272727272727272
0 0.08205882352941177 0.4825 0.01588235294117647 0.012272727272727272
0 0.1038235294117647 0.7879545454545455 0.01588235294117647 0.012272727272727272
0 0.5785294117647058 0.8293181818181818 0.01588235294117647 0.012272727272727272
0 0.1038235294117647 0.8084090909090909 0.01588235294117647 0.012272727272727272
0 0.1038235294117647 0.8502272727272727 0.01588235294117647 0.012272727272727272
0 0.6776470588235294 0.8943181818181818 0.5023529411764706 0.022272727272727274
0 0.08205882352941177 0.5038636363636364 0.01588235294117647 0.012272727272727272
0 0.8444117647058823 0.5002272727272727 0.18411764705882352 0.022272727272727274
0 0.7685294117647059 0.7879545454545455 0.01588235294117647 0.012272727272727272
0 0.5785294117647058 0.8084090909090909 0.01588235294117647 0.012272727272727272
