0 0.16441176470588234 0.4575 0.014705882352941176 0.011363636363636364
0 0.5241176470588236 0.6277272727272727 0.8341176470588235 0.035454545454545454
0 0.11911764705882352 0.6693181818181818 0.014705882352941176 0.011363636363636364
0 0.5252941176470588 0.7161363636363637 0.8329411764705882 0.01681818181818182
0 0.5264705882352941 0.7761363636363636 0.8329411764705882 0.01681818181818182
0 0.08558823529411765 0.3443181818181818 0.014705882352941176 0.011363636363636364
0 0.08970588235294118 0.1575 0.014705882352941176 0.011363636363636364
0 0.7570588235294118 0.5054545454545455 0.3658823529411765 0.013636363636363636
0 0.09147058823529412 0.6011363636363637 0.014705882352941176 0.011363636363636364
0 0.1638235294117647 0.4993181818181818 0.014705882352941176 0.011363636363636364
0 0.5682352941176471 0.2177272727272727 0.7058823529411765 0.017272727272727273
0 0.10970588235294118 0.4575 0.014705882352941176 0.011363636363636364
0 0.12029411764705883 0.9006818181818181 0.014705882352941176 0.011363636363636364
0 0.455 0.43068181818181817 0.014705882352941176 0.011363636363636364
0 0.11735294117647059 0.8543181818181819 0.014705882352941176 0.011363636363636364
0 0.08676470588235294 0.4011363636363636 0.014705882352941176 0.011363636363636364
0 0.08676470588235294 0.43204545454545457 0.014705882352941176 0.011363636363636364
0 0.5276470588235294 0.8068181818181818 0.8329411764705882 0.01818181818181818
0 0.455 0.3443181818181818 0.014705882352941176 0.011363636363636364
0 0.4555882352941176 0.41659090909090907 0.014705882352941176 0.011363636363636364
0 0.06970588235294117 0.5529545454545455 0.014705882352941176 0.011363636363636364
0 0.12205882352941176 0.25022727272727274 0.014705882352941176 0.011363636363636364
0 0.09441176470588235 0.7911363636363636 0.014705882352941176 0.011363636363636364
0 0.08970588235294118 0.21795454545454546 0.014705882352941176 0.011363636363636364
0 0.09441176470588235 0.7006818181818182 0.014705882352941176 0.011363636363636364
0 0.455 0.4747727272727273 0.014705882352941176 0.011363636363636364
0 0.06735294117647059 0.9402272727272727 0.014705882352941176 0.011363636363636364
0 0.075 0.08477272727272728 0.014705882352941176 0.011363636363636364
0 0.12323529411764705 0.28295454545454546 0.014705882352941176 0.011363636363636364
0 0.09147058823529412 0.5847727272727272 0.014705882352941176 0.011363636363636364
0 0.455 0.31477272727272726 0.014705882352941176 0.011363636363636364
0 0.08558823529411765 0.31477272727272726 0.014705882352941176 0.011363636363636364
0 0.12382352941176471 0.5529545454545455 0.014705882352941176 0.011363636363636364
0 0.08970588235294118 0.1715909090909091 0.014705882352941176 0.011363636363636364
0 0.06558823529411764 0.38386363636363635 0.014705882352941176 0.011363636363636364
0 0.455 0.4888636363636364 0.014705882352941176 0.011363636363636364
0 0.09558823529411764 0.7606818181818182 0.014705882352941176 0.011363636363636364
0 0.455 0.32931818181818184 0.014705882352941176 0.011363636363636364
0 0.07205882352941176 0.2815909090909091 0.014705882352941176 0.011363636363636364
0 0.11911764705882352 0.6843181818181818 0.014705882352941176 0.011363636363636364
0 0.11911764705882352 0.9402272727272727 0.014705882352941176 0.011363636363636364
0 0.07205882352941176 0.25022727272727274 0.014705882352941176 0.011363636363636364
0 0.5252941176470588 0.7465909090909091 0.8329411764705882 0.01681818181818182
0 0.8191176470588235 0.9397727272727273 0.014705882352941176 0.011363636363636364
0 0.16441176470588234 0.4156818181818182 0.014705882352941176 0.011363636363636364
0 0.12088235294117647 0.38386363636363635 0.014705882352941176 0.011363636363636364
0 0.08558823529411765 0.32931818181818184 0.014705882352941176 0.011363636363636364
0 0.08970588235294118 0.18704545454545454 0.014705882352941176 0.011363636363636364
0 0.10852941176470589 0.4993181818181818 0.014705882352941176 0.011363636363636364
0 0.12558823529411764 0.08477272727272728 0.014705882352941176 0.011363636363636364
0 0.455 0.4602272727272727 0.014705882352941176 0.011363636363636364
0 0.0738235294117647 0.1275 0.014705882352941176 0.011363636363636364
0 0.455 0.5043181818181818 0.014705882352941176 0.011363636363636364
0 0.09441176470588235 0.7311363636363636 0.014705882352941176 0.011363636363636364
0 0.06558823529411764 0.8543181818181819 0.014705882352941176 0.011363636363636364
0 0.7673529411764706 0.9397727272727273 0.014705882352941176 0.011363636363636364
0 0.455 0.44477272727272726 0.014705882352941176 0.011363636363636364
0 0.08970588235294118 0.2025 0.014705882352941176 0.011363636363636364
0 0.10970588235294118 0.4156818181818182 0.014705882352941176 0.011363636363636364
0 0.06852941176470588 0.9006818181818181 0.014705882352941176 0.011363636363636364
0 0.12441176470588235 0.1275 0.014705882352941176 0.011363636363636364
0 0.455 0.4015909090909091 0.014705882352941176 0.011363636363636364
0 0.0861764705882353 0.47613636363636364 0.014705882352941176 0.011363636363636364
0 0.09441176470588235 0.6520454545454546 0.014705882352941176 0.011363636363636364
