0 0.40176470588235297 0.5525 0.11764705882352941 0.015
0 0.34294117647058825 0.5375 0.11764705882352941 0.015
0 0.1361764705882353 0.6665909090909091 0.014705882352941176 0.011363636363636364
0 0.1361764705882353 0.4843181818181818 0.014705882352941176 0.011363636363636364
0 0.8944117647058824 0.09068181818181818 0.014705882352941176 0.011363636363636364
0 0.06735294117647059 0.31022727272727274 0.014705882352941176 0.011363636363636364
0 0.06735294117647059 0.5538636363636363 0.014705882352941176 0.011363636363636364
0 0.25470588235294117 0.5225 0.11764705882352941 0.015
0 0.06735294117647059 0.2725 0.014705882352941176 0.011363636363636364
0 0.5479411764705883 0.35568181818181815 0.014705882352941176 0.011363636363636364
0 0.2638235294117647 0.2725 0.014705882352941176 0.011363636363636364
0 0.06735294117647059 0.5693181818181818 0.014705882352941176 0.011363636363636364
0 0.4238235294117647 0.15886363636363637 0.014705882352941176 0.011363636363636364
0 0.35205882352941176 0.2725 0.014705882352941176 0.011363636363636364
0 0.5479411764705883 0.31022727272727274 0.014705882352941176 0.011363636363636364
0 0.8255882352941176 0.09068181818181818 0.014705882352941176 0.011363636363636364
0 0.49205882352941177 0.15886363636363637 0.014705882352941176 0.011363636363636364
0 0.06735294117647059 0.3784090909090909 0.014705882352941176 0.011363636363636364
0 0.06735294117647059 0.6665909090909091 0.014705882352941176 0.011363636363636364
0 0.16558823529411765 0.2725 0.014705882352941176 0.011363636363636364
0 0.06735294117647059 0.4847727272727273 0.014705882352941176 0.011363636363636364
0 0.4211764705882353 0.5679545454545455 0.39176470588235296 0.015
0 0.4597058823529412 0.2725 0.014705882352941176 0.011363636363636364
0 0.06735294117647059 0.5238636363636363 0.014705882352941176 0.011363636363636364
0 0.06735294117647059 0.5388636363636363 0.014705882352941176 0.011363636363636364
0 0.06735294117647059 0.3406818181818182 0.014705882352941176 0.011363636363636364
