0 0.18382352941176472 0.7102272727272727 0.01588235294117647 0.012272727272727272
0 0.06441176470588235 0.7697727272727273 0.01588235294117647 0.012272727272727272
0 0.18382352941176472 0.9225 0.01588235294117647 0.012272727272727272
0 0.06441176470588235 0.7102272727272727 0.01588235294117647 0.012272727272727272
0 0.18382352941176472 0.11931818181818182 0.01588235294117647 0.012272727272727272
0 0.18382352941176472 0.23295454545454544 0.01588235294117647 0.012272727272727272
0 0.06441176470588235 0.23295454545454544 0.01588235294117647 0.012272727272727272
0 0.18382352941176472 0.821590909090909 0.01588235294117647 0.012272727272727272
0 0.06441176470588235 0.9225 0.01588235294117647 0.012272727272727272
0 0.18382352941176472 0.46704545454545454 0.01588235294117647 0.012272727272727272
0 0.06441176470588235 0.5888636363636364 0.01588235294117647 0.012272727272727272
0 0.06441176470588235 0.821590909090909 0.01588235294117647 0.012272727272727272
0 0.18382352941176472 0.5888636363636364 0.01588235294117647 0.012272727272727272
0 0.18382352941176472 0.8829545454545454 0.01588235294117647 0.012272727272727272
0 0.06441176470588235 0.46704545454545454 0.01588235294117647 0.012272727272727272
0 0.06441176470588235 0.8829545454545454 0.01588235294117647 0.012272727272727272
0 0.18382352941176472 0.7697727272727273 0.01588235294117647 0.012272727272727272
0 0.06441176470588235 0.11931818181818182 0.01588235294117647 0.012272727272727272
