0 0.0661764705882353 0.14386363636363636 0.014705882352941176 0.011363636363636364
0 0.1361764705882353 0.41659090909090907 0.014705882352941176 0.011363636363636364
0 0.1361764705882353 0.5147727272727273 0.014705882352941176 0.011363636363636364
0 0.1738235294117647 0.6588636363636363 0.014705882352941176 0.011363636363636364
0 0.06735294117647059 0.5147727272727273 0.014705882352941176 0.011363636363636364
0 0.125 0.21204545454545454 0.014705882352941176 0.011363636363636364
0 0.0661764705882353 0.3029545454545455 0.014705882352941176 0.011363636363636364
0 0.0661764705882353 0.10568181818181818 0.014705882352941176 0.011363636363636364
0 0.0661764705882353 0.6588636363636363 0.014705882352941176 0.011363636363636364
0 0.1361764705882353 0.26477272727272727 0.014705882352941176 0.011363636363636364
0 0.4505882352941176 0.14386363636363636 0.39176470588235296 0.015
0 0.06735294117647059 0.5679545454545455 0.014705882352941176 0.011363636363636364
0 0.0661764705882353 0.21204545454545454 0.014705882352941176 0.011363636363636364
0 0.5461764705882353 0.18159090909090908 0.014705882352941176 0.011363636363636364
0 0.13441176470588234 0.3029545454545455 0.014705882352941176 0.011363636363636364
0 0.0661764705882353 0.08431818181818182 0.014705882352941176 0.011363636363636364
0 0.365 0.08431818181818182 0.014705882352941176 0.011363636363636364
0 0.1361764705882353 0.45431818181818184 0.014705882352941176 0.011363636363636364
0 0.4873529411764706 0.18159090909090908 0.014705882352941176 0.011363636363636364
0 0.2914705882352941 0.3029545454545455 0.014705882352941176 0.011363636363636364
0 0.1361764705882353 0.6211363636363636 0.014705882352941176 0.011363636363636364
0 0.06735294117647059 0.7120454545454545 0.014705882352941176 0.011363636363636364
0 0.4485294117647059 0.18159090909090908 0.014705882352941176 0.011363636363636364
0 0.06676470588235293 0.8420454545454545 0.014705882352941176 0.011363636363636364
0 0.20794117647058824 0.08431818181818182 0.014705882352941176 0.011363636363636364
0 0.2520588235294118 0.1665909090909091 0.014705882352941176 0.011363636363636364
0 0.0661764705882353 0.8038636363636363 0.014705882352941176 0.011363636363636364
0 0.06735294117647059 0.6211363636363636 0.014705882352941176 0.011363636363636364
0 0.19323529411764706 0.21204545454545454 0.014705882352941176 0.011363636363636364
0 0.06735294117647059 0.26477272727272727 0.014705882352941176 0.011363636363636364
0 0.22264705882352942 0.3029545454545455 0.014705882352941176 0.011363636363636364
0 0.33088235294117646 0.6588636363636363 0.014705882352941176 0.011363636363636364
0 0.33088235294117646 0.1665909090909091 0.014705882352941176 0.011363636363636364
0 0.06735294117647059 0.41659090909090907 0.014705882352941176 0.011363636363636364
0 0.1361764705882353 0.5679545454545455 0.014705882352941176 0.011363636363636364
0 0.06735294117647059 0.45431818181818184 0.014705882352941176 0.011363636363636364
0 0.6911764705882353 0.6588636363636363 0.5 0.015
0 0.4555882352941176 0.21204545454545454 0.34294117647058825 0.015
0 0.2861764705882353 0.08431818181818182 0.014705882352941176 0.011363636363636364
0 0.1361764705882353 0.7120454545454545 0.014705882352941176 0.011363636363636364
0 0.06676470588235293 0.9329545454545455 0.014705882352941176 0.011363636363636364
0 0.0661764705882353 0.7511363636363636 0.014705882352941176 0.011363636363636364
0 0.06676470588235293 0.8947727272727273 0.014705882352941176 0.011363636363636364
