0 0.07264705882352941 0.38477272727272727 0.014705882352941176 0.011363636363636364
0 0.13911764705882354 0.8047727272727273 0.014705882352941176 0.011363636363636364
0 0.07029411764705883 0.8047727272727273 0.014705882352941176 0.011363636363636364
0 0.19794117647058823 0.6615909090909091 0.014705882352941176 0.011363636363636364
0 0.07264705882352941 0.3543181818181818 0.014705882352941176 0.011363636363636364
0 0.07029411764705883 0.6615909090909091 0.014705882352941176 0.011363636363636364
0 0.07264705882352941 0.36977272727272725 0.014705882352941176 0.011363636363636364
0 0.07088235294117647 0.3315909090909091 0.014705882352941176 0.011363636363636364
0 0.13970588235294118 0.3315909090909091 0.014705882352941176 0.011363636363636364
0 0.07147058823529412 0.6056818181818182 0.014705882352941176 0.011363636363636364
0 0.14029411764705882 0.6056818181818182 0.014705882352941176 0.011363636363636364
0 0.13911764705882354 0.6615909090909091 0.014705882352941176 0.011363636363636364
