0 0.3973529411764706 0.8875 0.2923529411764706 0.015909090909090907
0 0.085 0.6397727272727273 0.014705882352941176 0.011363636363636364
0 0.10794117647058823 0.8893181818181818 0.014705882352941176 0.011363636363636364
0 0.0826470588235294 0.20431818181818182 0.014705882352941176 0.011363636363636364
0 0.0826470588235294 0.09386363636363636 0.014705882352941176 0.011363636363636364
0 0.7197058823529412 0.2034090909090909 0.43 0.015909090909090907
0 0.0826470588235294 0.14613636363636365 0.014705882352941176 0.011363636363636364
0 0.0826470588235294 0.16477272727272727 0.014705882352941176 0.011363636363636364
0 0.10794117647058823 0.7606818181818182 0.014705882352941176 0.011363636363636364
0 0.10794117647058823 0.803409090909091 0.014705882352941176 0.011363636363636364
0 0.0826470588235294 0.12795454545454546 0.014705882352941176 0.011363636363636364
0 0.59 0.16477272727272727 0.6882352941176471 0.015909090909090907
0 0.13852941176470587 0.09386363636363636 0.014705882352941176 0.011363636363636364
0 0.6088235294117647 0.1825 0.6517647058823529 0.015909090909090907
0 0.13970588235294118 0.4152272727272727 0.014705882352941176 0.011363636363636364
0 0.0838235294117647 0.4152272727272727 0.014705882352941176 0.011363636363636364
0 0.10794117647058823 0.6747727272727273 0.014705882352941176 0.011363636363636364
0 0.10794117647058823 0.7179545454545454 0.014705882352941176 0.011363636363636364
0 0.0826470588235294 0.18477272727272728 0.014705882352941176 0.011363636363636364
0 0.13970588235294118 0.4606818181818182 0.014705882352941176 0.011363636363636364
0 0.10794117647058823 0.8465909090909091 0.014705882352941176 0.011363636363636364
0 0.14088235294117646 0.6397727272727273 0.014705882352941176 0.011363636363636364
0 0.38382352941176473 0.9311363636363637 0.32176470588235295 0.01681818181818182
0 0.0826470588235294 0.4606818181818182 0.014705882352941176 0.011363636363636364
0 0.10794117647058823 0.9325 0.014705882352941176 0.011363636363636364
