0 0.8508823529411764 0.6227272727272727 0.05235294117647059 0.016363636363636365
0 0.9223529411764706 0.5645454545454546 0.04941176470588235 0.016363636363636365
0 0.8508823529411764 0.5645454545454546 0.05235294117647059 0.016363636363636365
0 0.9223529411764706 0.5936363636363636 0.04941176470588235 0.016363636363636365
0 0.27147058823529413 0.31727272727272726 0.39941176470588236 0.016363636363636365
0 0.8508823529411764 0.5059090909090909 0.05235294117647059 0.016363636363636365
0 0.9226470588235294 0.5059090909090909 0.05 0.016363636363636365
0 0.9223529411764706 0.6227272727272727 0.04941176470588235 0.016363636363636365
0 0.18176470588235294 0.29409090909090907 0.21764705882352942 0.016363636363636365
0 0.8508823529411764 0.5354545454545454 0.05235294117647059 0.016363636363636365
0 0.4823529411764706 0.4768181818181818 0.18470588235294116 0.016363636363636365
0 0.6973529411764706 0.4768181818181818 0.20529411764705882 0.016363636363636365
0 0.3332352941176471 0.3409090909090909 0.5205882352941177 0.016363636363636365
0 0.9223529411764706 0.5354545454545454 0.04941176470588235 0.016363636363636365
0 0.8508823529411764 0.5936363636363636 0.05235294117647059 0.016363636363636365
