0 0.8165909090909091 0.28794117647058826 0.03318181818181818 0.019411764705882354
0 0.6661363636363636 0.4173529411764706 0.03318181818181818 0.019411764705882354
0 0.9029545454545455 0.46441176470588236 0.03318181818181818 0.019411764705882354
0 0.7127272727272728 0.4879411764705882 0.04363636363636364 0.019411764705882354
0 0.15363636363636363 0.6997058823529412 0.045454545454545456 0.019411764705882354
0 0.9029545454545455 0.3938235294117647 0.03318181818181818 0.019411764705882354
0 0.7127272727272728 0.46441176470588236 0.04363636363636364 0.019411764705882354
0 0.16795454545454547 0.5820588235294117 0.0740909090909091 0.019411764705882354
0 0.9029545454545455 0.605 0.03318181818181818 0.019411764705882354
0 0.9536363636363636 0.3938235294117647 0.04363636363636364 0.019411764705882354
0 0.9536363636363636 0.44088235294117645 0.04363636363636364 0.019411764705882354
0 0.9127272727272727 0.28794117647058826 0.04363636363636364 0.019411764705882354
0 0.9543181818181818 0.46441176470588236 0.045 0.019411764705882354
0 0.7618181818181818 0.535 0.042727272727272725 0.019411764705882354
0 0.17136363636363636 0.6055882352941176 0.0809090909090909 0.019411764705882354
0 0.7684090909090909 0.4879411764705882 0.05590909090909091 0.019411764705882354
0 0.9029545454545455 0.44088235294117645 0.03318181818181818 0.019411764705882354
0 0.7075 0.5114705882352941 0.03318181818181818 0.019411764705882354
0 0.8165909090909091 0.3291176470588235 0.03318181818181818 0.019411764705882354
0 0.9029545454545455 0.6285294117647059 0.03318181818181818 0.019411764705882354
0 0.9536363636363636 0.4173529411764706 0.04363636363636364 0.019411764705882354
0 0.7127272727272728 0.4173529411764706 0.04363636363636364 0.019411764705882354
0 0.9536363636363636 0.6285294117647059 0.04363636363636364 0.019411764705882354
0 0.6661363636363636 0.4879411764705882 0.03318181818181818 0.019411764705882354
0 0.9536363636363636 0.605 0.04363636363636364 0.019411764705882354
0 0.9127272727272727 0.3291176470588235 0.04363636363636364 0.019411764705882354
0 0.20795454545454545 0.6761764705882353 0.15409090909090908 0.019411764705882354
0 0.6661363636363636 0.46441176470588236 0.03318181818181818 0.019411764705882354
0 0.7622727272727273 0.5114705882352941 0.04363636363636364 0.019411764705882354
0 0.16454545454545455 0.6526470588235294 0.06727272727272728 0.019411764705882354
0 0.9029545454545455 0.4173529411764706 0.03318181818181818 0.019411764705882354
0 0.5022727272727273 0.7285294117647059 0.9354545454545454 0.019411764705882354
0 0.706590909090909 0.535 0.031363636363636364 0.017058823529411765
