0 0.5041176470588236 0.49318181818181817 0.13411764705882354 0.02
0 0.26676470588235296 0.42863636363636365 0.06529411764705882 0.02
0 0.26588235294117646 0.36454545454545456 0.06705882352941177 0.02
0 0.14323529411764707 0.19272727272727272 0.07 0.02
0 0.36470588235294116 0.42863636363636365 0.0611764705882353 0.02
0 0.36470588235294116 0.49318181818181817 0.0611764705882353 0.02
0 0.36470588235294116 0.36454545454545456 0.0611764705882353 0.02
0 0.26676470588235296 0.49318181818181817 0.06529411764705882 0.02
0 0.26676470588235296 0.6168181818181818 0.06529411764705882 0.02
0 0.36470588235294116 0.6168181818181818 0.0611764705882353 0.02
0 0.2620588235294118 0.19272727272727272 0.05941176470588235 0.02
