0 0.7820965842167256 0.2018181818181818 0.1707891637220259 0.022727272727272728
0 0.7346878680800942 0.5072727272727273 0.05594817432273263 0.012727272727272728
0 0.7673733804475854 0.1534090909090909 0.1413427561837456 0.013181818181818182
0 0.8409893992932862 0.3809090909090909 0.1967020023557126 0.023636363636363636
0 0.7158421672555948 0.9286363636363636 0.13015312131919907 0.014545454545454545
0 0.8059481743227326 0.17931818181818182 0.21849234393404005 0.019545454545454546
0 0.8409893992932862 0.4109090909090909 0.1967020023557126 0.02181818181818182
0 0.5671378091872792 0.5227272727272727 0.12131919905771496 0.012727272727272728
0 0.7429328621908127 0.13068181818181818 0.09246171967020024 0.013181818181818182
0 0.5786219081272085 0.5072727272727273 0.14428739693757361 0.012727272727272728
0 0.31743227326266193 0.5072727272727273 0.11778563015312132 0.012727272727272728
0 0.3495288574793875 0.5231818181818182 0.18197879858657243 0.013636363636363636
0 0.8542402826855123 0.9270454545454545 0.10070671378091872 0.012272727272727272
