0 0.2697058823529412 0.31076783280327125 0.04647058823529412 0.011812812358019082
0 0.846764705882353 0.7351203998182644 0.04647058823529412 0.011812812358019082
0 0.846764705882353 0.765106769650159 0.04647058823529412 0.011812812358019082
0 0.7029411764705882 0.12925942753293956 0.06470588235294118 0.011358473421172195
0 0.1973529411764706 0.31076783280327125 0.04176470588235294 0.011812812358019082
0 0.6361764705882353 0.12925942753293956 0.0488235294117647 0.011358473421172195
0 0.8876470588235295 0.12925942753293956 0.10470588235294118 0.011358473421172195
0 0.9147058823529411 0.765106769650159 0.041176470588235294 0.011812812358019082
0 0.845 0.8105406633348478 0.04294117647058823 0.011812812358019082
0 0.9147058823529411 0.8105406633348478 0.041176470588235294 0.011812812358019082
0 0.5229411764705882 0.14379827351203997 0.8352941176470589 0.014993184915947297
0 0.1285294117647059 0.31076783280327125 0.04647058823529412 0.011812812358019082
0 0.9147058823529411 0.7351203998182644 0.041176470588235294 0.011812812358019082
0 0.785 0.12925942753293956 0.08764705882352941 0.011358473421172195
