0 0.31441176470588234 0.39339285714285716 0.1676470588235294 0.008928571428571428
0 0.8288235294117647 0.3505357142857143 0.10588235294117647 0.008928571428571428
0 0.32323529411764707 0.38035714285714284 0.1864705882352941 0.01
0 0.475 0.2080357142857143 0.031176470588235295 0.019642857142857142
0 0.8226470588235294 0.31375 0.09235294117647058 0.008928571428571428
0 0.8370588235294117 0.3380357142857143 0.1223529411764706 0.008928571428571428
0 0.538235294117647 0.2075 0.041176470588235294 0.018571428571428572
0 0.6655882352941176 0.38125 0.20294117647058824 0.010357142857142856
0 0.7414705882352941 0.3939285714285714 0.3547058823529412 0.01
0 0.841764705882353 0.32607142857142857 0.13176470588235295 0.01
