0 0.23088235294117648 0.6459090909090909 0.03705882352941176 0.012727272727272728
0 0.4308823529411765 0.6459090909090909 0.03705882352941176 0.012727272727272728
0 0.1376470588235294 0.6281818181818182 0.04352941176470588 0.012727272727272728
0 0.24911764705882353 0.4813636363636364 0.3064705882352941 0.013636363636363636
0 0.2614705882352941 0.6627272727272727 0.04294117647058823 0.012727272727272728
0 0.8764705882352941 0.25636363636363635 0.042352941176470586 0.012727272727272728
0 0.32382352941176473 0.6627272727272727 0.04411764705882353 0.012727272727272728
0 0.28352941176470586 0.6459090909090909 0.041176470588235294 0.012727272727272728
0 0.7488235294117647 0.6127272727272727 0.03882352941176471 0.012727272727272728
0 0.0888235294117647 0.6281818181818182 0.03882352941176471 0.012727272727272728
0 0.27941176470588236 0.5009090909090909 0.3635294117647059 0.02
0 0.10588235294117647 0.6413636363636364 0.07294117647058823 0.012727272727272728
0 0.4838235294117647 0.6459090909090909 0.04176470588235294 0.012727272727272728
0 0.8232352941176471 0.25636363636363635 0.039411764705882354 0.012727272727272728
0 0.8041176470588235 0.6127272727272727 0.04352941176470588 0.012727272727272728
0 0.6323529411764706 0.4818181818181818 0.28352941176470586 0.012727272727272728
0 0.6470588235294118 0.5002272727272727 0.3164705882352941 0.014090909090909091
