0 0.7282352941176471 0.6643181818181818 0.1988235294117647 0.017727272727272727
0 0.47058823529411764 0.6309090909090909 0.23411764705882354 0.01818181818181818
0 0.3973529411764706 0.6997727272727273 0.08764705882352941 0.01681818181818182
0 0.17058823529411765 0.4731818181818182 0.09058823529411765 0.016363636363636365
0 0.4764705882352941 0.5959090909090909 0.24588235294117647 0.01818181818181818
0 0.4711764705882353 0.6643181818181818 0.23529411764705882 0.017727272727272727
0 0.6705882352941176 0.5936363636363636 0.08352941176470588 0.02
0 0.29970588235294116 0.4731818181818182 0.10411764705882352 0.016363636363636365
0 0.22911764705882354 0.6643181818181818 0.22411764705882353 0.017727272727272727
0 0.1688235294117647 0.5936363636363636 0.10352941176470588 0.02
0 0.19411764705882353 0.6997727272727273 0.15411764705882353 0.01681818181818182
0 0.7520588235294118 0.6288636363636364 0.2464705882352941 0.018636363636363635
0 0.225 0.6288636363636364 0.21588235294117647 0.018636363636363635
