0 0.5070588235294118 0.14846153846153845 0.052941176470588235 0.014615384615384615
0 0.38235294117647056 0.3894230769230769 0.2917647058823529 0.01730769230769231
0 0.2026470588235294 0.1296153846153846 0.06529411764705882 0.013846153846153847
0 0.4338235294117647 0.14942307692307694 0.06529411764705882 0.01653846153846154
0 0.7388235294117647 0.38961538461538464 0.3847058823529412 0.01769230769230769
0 0.3514705882352941 0.14903846153846154 0.051176470588235295 0.01423076923076923
0 0.3594117647058824 0.5288461538461539 0.3176470588235294 0.012307692307692308
0 0.7370588235294118 0.5296153846153846 0.38588235294117645 0.013846153846153847
0 0.12323529411764705 0.1296153846153846 0.08529411764705883 0.013846153846153847
0 0.27794117647058825 0.14903846153846154 0.060588235294117644 0.01423076923076923
