0 0.6555882352941177 0.4615909090909091 0.01588235294117647 0.023181818181818182
0 0.5329411764705883 0.7488636363636364 0.02 0.021363636363636362
0 0.5673529411764706 0.7956818181818182 0.01588235294117647 0.023181818181818182
0 0.8955882352941177 0.7479545454545454 0.01588235294117647 0.023181818181818182
0 0.6211764705882353 0.4611363636363636 0.02 0.022272727272727274
0 0.8641176470588235 0.7479545454545454 0.02 0.023181818181818182
0 0.6211764705882353 0.7956818181818182 0.02 0.023181818181818182
0 0.5329411764705883 0.509090909090909 0.02 0.022727272727272728
0 0.6211764705882353 0.7479545454545454 0.02 0.023181818181818182
0 0.5685294117647058 0.7002272727272727 0.01588235294117647 0.022272727272727274
0 0.8641176470588235 0.4615909090909091 0.02 0.023181818181818182
0 0.8641176470588235 0.5565909090909091 0.02 0.022272727272727274
0 0.5329411764705883 0.8431818181818181 0.02 0.022727272727272728
0 0.5335294117647059 0.7 0.02 0.022727272727272728
0 0.21470588235294116 0.13 0.04823529411764706 0.015454545454545455
0 0.8641176470588235 0.6525 0.02 0.023181818181818182
0 0.5673529411764706 0.509090909090909 0.017058823529411765 0.022727272727272728
0 0.8952941176470588 0.41363636363636364 0.01647058823529412 0.022727272727272728
0 0.1411764705882353 0.15181818181818182 0.07058823529411765 0.015454545454545455
0 0.22470588235294117 0.15272727272727274 0.07058823529411765 0.015454545454545455
0 0.8641176470588235 0.8431818181818181 0.02 0.022727272727272728
0 0.6555882352941177 0.8431818181818181 0.017058823529411765 0.022727272727272728
0 0.6561764705882352 0.7956818181818182 0.01588235294117647 0.023181818181818182
0 0.6585294117647059 0.1290909090909091 0.03470588235294118 0.015454545454545455
0 0.6555882352941177 0.5093181818181818 0.017058823529411765 0.023181818181818182
0 0.5329411764705883 0.4615909090909091 0.02 0.023181818181818182
0 0.5685294117647058 0.8438636363636364 0.018235294117647058 0.021363636363636362
0 0.5673529411764706 0.7479545454545454 0.01588235294117647 0.023181818181818182
0 0.8952941176470588 0.6525 0.01647058823529412 0.023181818181818182
0 0.1514705882352941 0.13 0.051176470588235295 0.015454545454545455
0 0.6211764705882353 0.5565909090909091 0.02 0.022272727272727274
0 0.8955882352941177 0.7956818181818182 0.01588235294117647 0.023181818181818182
0 0.5329411764705883 0.6047727272727272 0.02 0.023181818181818182
0 0.6211764705882353 0.7 0.02 0.022727272727272728
0 0.8641176470588235 0.7956818181818182 0.02 0.023181818181818182
0 0.7605882352941177 0.1290909090909091 0.04470588235294118 0.015454545454545455
0 0.8641176470588235 0.6047727272727272 0.02 0.023181818181818182
0 0.6211764705882353 0.5093181818181818 0.02 0.023181818181818182
0 0.6555882352941177 0.6525 0.017058823529411765 0.023181818181818182
0 0.6211764705882353 0.6047727272727272 0.02 0.023181818181818182
0 0.7070588235294117 0.1290909090909091 0.04 0.015454545454545455
0 0.5682352941176471 0.6047727272727272 0.01647058823529412 0.023181818181818182
0 0.5329411764705883 0.6525 0.02 0.023181818181818182
0 0.5329411764705883 0.5565909090909091 0.02 0.022272727272727274
0 0.5673529411764706 0.4138636363636364 0.01588235294117647 0.023181818181818182
0 0.8952941176470588 0.5565909090909091 0.01647058823529412 0.022272727272727274
0 0.6555882352941177 0.5565909090909091 0.017058823529411765 0.022272727272727274
0 0.8955882352941177 0.8431818181818181 0.01588235294117647 0.022727272727272728
0 0.8952941176470588 0.6047727272727272 0.01647058823529412 0.023181818181818182
0 0.8641176470588235 0.7 0.02 0.022727272727272728
0 0.8955882352941177 0.7 0.01588235294117647 0.022727272727272728
0 0.3058823529411765 0.15272727272727274 0.07294117647058823 0.015454545454545455
0 0.6555882352941177 0.7 0.01588235294117647 0.022727272727272728
0 0.8955882352941177 0.4615909090909091 0.01588235294117647 0.023181818181818182
0 0.5329411764705883 0.7956818181818182 0.02 0.023181818181818182
0 0.5329411764705883 0.4138636363636364 0.02 0.023181818181818182
0 0.8641176470588235 0.41363636363636364 0.02 0.022727272727272728
0 0.5679411764705883 0.6525 0.01588235294117647 0.023181818181818182
0 0.6211764705882353 0.6525 0.02 0.023181818181818182
0 0.6561764705882352 0.6045454545454545 0.01588235294117647 0.022727272727272728
0 0.8647058823529412 0.1290909090909091 0.04 0.015454545454545455
0 0.8952941176470588 0.5093181818181818 0.01647058823529412 0.023181818181818182
0 0.6211764705882353 0.8431818181818181 0.02 0.022727272727272728
0 0.5673529411764706 0.5565909090909091 0.01588235294117647 0.022272727272727274
0 0.6561764705882352 0.7479545454545454 0.01588235294117647 0.023181818181818182
0 0.6561764705882352 0.4138636363636364 0.01588235294117647 0.023181818181818182
0 0.5673529411764706 0.4615909090909091 0.01588235294117647 0.023181818181818182
0 0.6211764705882353 0.4138636363636364 0.02 0.023181818181818182
0 0.8161764705882353 0.1290909090909091 0.045294117647058825 0.015454545454545455
0 0.8641176470588235 0.5093181818181818 0.02 0.023181818181818182
