0 0.225 0.5679545454545455 0.19 0.015
0 0.24058823529411766 0.696590909090909 0.3564705882352941 0.019545454545454546
0 0.6820588235294117 0.5627272727272727 0.4076470588235294 0.024545454545454544
0 0.7347058823529412 0.6690909090909091 0.3905882352941176 0.02
0 0.1861764705882353 0.8945454545454545 0.2535294117647059 0.016363636363636365
0 0.2185294117647059 0.9159090909090909 0.3170588235294118 0.01818181818181818
0 0.27794117647058825 0.6681818181818182 0.4264705882352941 0.017272727272727273
0 0.3594117647058824 0.43727272727272726 0.14352941176470588 0.019090909090909092
0 0.4923529411764706 0.4368181818181818 0.08352941176470588 0.02
0 0.6244117647058823 0.4365909090909091 0.13705882352941176 0.020454545454545454
0 0.3788235294117647 0.4640909090909091 0.5258823529411765 0.016363636363636365
