0 0.8055051421657592 0.3869174861051731 0.07562008469449485 0.015391192817443352
0 0.42589231699939506 0.3860624198375374 0.08469449485783424 0.017101325352714837
0 0.4866908650937689 0.3473706712270201 0.11433756805807622 0.01581872595126122
0 0.35571687840290384 0.3467293715262933 0.056866303690260134 0.017101325352714837
0 0.48306110102843314 0.8360410431808465 0.03327283726557774 0.010688328345446772
0 0.21990320629159105 0.3465156049593843 0.12401693889897157 0.016673792218896963
0 0.7120387174833636 0.3860624198375374 0.07017543859649122 0.017101325352714837
0 0.43345432546884455 0.8360410431808465 0.034482758620689655 0.012398460880718255
0 0.8889897156684815 0.3473706712270201 0.062310949788263764 0.014963659683625482
0 0.3206291591046582 0.3869174861051731 0.0677555958862674 0.015391192817443352
0 0.6376285541439807 0.3467293715262933 0.09316394434361766 0.017101325352714837
0 0.5707803992740472 0.38948268490808036 0.16878402903811252 0.02394185549380077
0 0.8892921960072595 0.3860624198375374 0.06291591046581972 0.017101325352714837
0 0.7834240774349668 0.3467293715262933 0.11010284331518451 0.017101325352714837
