0 0.28 0.1725 0.11411764705882353 0.015
0 0.7644117647058823 0.4461363636363636 0.14529411764705882 0.017727272727272727
0 0.2773529411764706 0.2802272727272727 0.37 0.019545454545454546
0 0.6014705882352941 0.44636363636363635 0.09823529411764706 0.017272727272727273
0 0.37941176470588234 0.5838636363636364 0.5623529411764706 0.019545454545454546
0 0.41705882352941176 0.6140909090909091 0.6376470588235295 0.02
0 0.09588235294117647 0.1725 0.10470588235294118 0.015
0 0.5226470588235295 0.3393181818181818 0.8629411764705882 0.07590909090909091
0 0.19470588235294117 0.25022727272727274 0.20470588235294118 0.018636363636363635
0 0.30264705882352944 0.5531818181818182 0.4088235294117647 0.02
