0 0.20705882352941177 0.4113636363636364 0.24588235294117647 0.015454545454545455
0 0.285 0.6536363636363637 0.3876470588235294 0.015454545454545455
0 0.18029411764705883 0.42772727272727273 0.1923529411764706 0.015454545454545455
0 0.37588235294117645 0.46090909090909093 0.5835294117647059 0.015454545454545455
0 0.5814705882352941 0.7563636363636363 0.11470588235294117 0.015454545454545455
0 0.7397058823529412 0.7568181818181818 0.11352941176470588 0.015454545454545455
0 0.1952941176470588 0.4781818181818182 0.22705882352941176 0.015454545454545455
0 0.4723529411764706 0.7568181818181818 0.05058823529411765 0.015454545454545455
0 0.13441176470588234 0.5159090909090909 0.06764705882352941 0.015454545454545455
0 0.5608823529411765 0.6181818181818182 0.05588235294117647 0.015454545454545455
0 0.37588235294117645 0.7568181818181818 0.0611764705882353 0.015454545454545455
0 0.24058823529411766 0.5159090909090909 0.09058823529411765 0.015454545454545455
0 0.23294117647058823 0.5509090909090909 0.28352941176470586 0.015454545454545455
0 0.6591176470588235 0.6181818181818182 0.0488235294117647 0.015454545454545455
0 0.5135294117647059 0.7040909090909091 0.8447058823529412 0.07181818181818182
0 0.21588235294117647 0.5672727272727273 0.24941176470588236 0.015454545454545455
0 0.40147058823529413 0.8968181818181818 0.6147058823529412 0.015454545454545455
0 0.3861764705882353 0.4440909090909091 0.6041176470588235 0.015454545454545455
