0 0.3488235294117647 0.06931818181818182 0.14823529411764705 0.013181818181818182
0 0.37558823529411767 0.11704545454545455 0.20294117647058824 0.013181818181818182
0 0.0738235294117647 0.3729545454545454 0.07823529411764706 0.013181818181818182
0 0.6391176470588236 0.2772727272727273 0.6323529411764706 0.06909090909090909
0 0.09352941176470589 0.06931818181818182 0.11529411764705882 0.013181818181818182
0 0.12441176470588235 0.11704545454545455 0.17470588235294118 0.013181818181818182
0 0.2011764705882353 0.43636363636363634 0.03411764705882353 0.013636363636363636
0 0.6173529411764705 0.4365909090909091 0.10294117647058823 0.014090909090909091
0 0.40058823529411763 0.14886363636363636 0.2541176470588235 0.013181818181818182
0 0.09029411764705883 0.20477272727272727 0.03823529411764706 0.013181818181818182
0 0.14411764705882352 0.20477272727272727 0.03529411764705882 0.013181818181818182
0 0.062058823529411763 0.29704545454545456 0.05352941176470588 0.013181818181818182
0 0.8038235294117647 0.4365909090909091 0.03588235294117647 0.014090909090909091
0 0.14176470588235293 0.24931818181818183 0.21411764705882352 0.013181818181818182
0 0.10911764705882353 0.13295454545454546 0.14647058823529413 0.013181818181818182
0 0.7438235294117647 0.4627272727272727 0.03588235294117647 0.013636363636363636
0 0.09382352941176471 0.08522727272727272 0.11470588235294117 0.013181818181818182
0 0.5073529411764706 0.4365909090909091 0.06294117647058824 0.014090909090909091
0 0.6297058823529412 0.2084090909090909 0.6605882352941177 0.028636363636363637
0 0.39323529411764707 0.09977272727272728 0.23705882352941177 0.013181818181818182
0 0.10147058823529412 0.10113636363636364 0.13117647058823528 0.013181818181818182
0 0.3614705882352941 0.08522727272727272 0.17352941176470588 0.013181818181818182
0 0.7502941176470588 0.43636363636363634 0.039411764705882354 0.013636363636363636
0 0.06852941176470588 0.38886363636363636 0.06764705882352941 0.013181818181818182
0 0.7717647058823529 0.11204545454545455 0.36823529411764705 0.09863636363636363
0 0.08794117647058823 0.2652272727272727 0.10647058823529412 0.013181818181818182
0 0.06735294117647059 0.35704545454545455 0.06411764705882353 0.013181818181818182
0 0.1514705882352941 0.43636363636363634 0.03823529411764706 0.013636363636363636
0 0.060294117647058824 0.3411363636363636 0.051176470588235295 0.013181818181818182
0 0.315 0.43613636363636366 0.03470588235294118 0.013181818181818182
0 0.11235294117647059 0.14886363636363636 0.15294117647058825 0.013181818181818182
0 0.6394117647058823 0.3693181818181818 0.6341176470588236 0.06954545454545455
0 0.69 0.4625 0.03882352941176471 0.013181818181818182
0 0.05941176470588235 0.28113636363636363 0.04941176470588235 0.013181818181818182
0 0.26088235294117645 0.4359090909090909 0.039411764705882354 0.015454545454545455
0 0.26294117647058823 0.20477272727272727 0.03882352941176471 0.013181818181818182
0 0.3658823529411765 0.13295454545454546 0.18470588235294116 0.013181818181818182
