0 0.7831215970961888 0.6609662248824284 0.11675741076830005 0.01453612654980761
0 0.6548699334543254 0.7498931167165456 0.10102843315184513 0.017101325352714837
0 0.6536600120992135 0.4796921761436511 0.09860859044162129 0.017101325352714837
0 0.6539624924379915 0.6090209491235571 0.09921355111917725 0.01581872595126122
0 0.6551724137931034 0.10688328345446772 0.10042347247428918 0.017101325352714837
0 0.6536600120992135 0.7246686618212912 0.09860859044162129 0.017101325352714837
0 0.7843315184513007 0.725096194955109 0.11796733212341198 0.015391192817443352
0 0.6539624924379915 0.8683197947840958 0.09921355111917725 0.015391192817443352
0 0.7852389594676346 0.055151774262505344 0.11978221415607986 0.015391192817443352
0 0.6551724137931034 0.3916203505771697 0.10163339382940109 0.015391192817443352
0 0.7831215970961888 0.2618640444634459 0.11554748941318814 0.014963659683625482
0 0.6560798548094374 0.5327062847370672 0.10344827586206896 0.017101325352714837
0 0.6548699334543254 0.23129542539546816 0.10102843315184513 0.015391192817443352
0 0.6539624924379915 0.05557930739632321 0.09921355111917725 0.017101325352714837
0 0.7843315184513007 0.08230012825994014 0.11796733212341198 0.014963659683625482
0 0.7843315184513007 0.506412997007268 0.11796733212341198 0.01581872595126122
0 0.7846339987900787 0.28815733219324496 0.11857229280096794 0.017101325352714837
0 0.6548699334543254 0.506626763574177 0.10102843315184513 0.015391192817443352
0 0.7834240774349668 0.18319794784095766 0.1161524500907441 0.014963659683625482
0 0.7846339987900787 0.894185549380077 0.11857229280096794 0.01838392475416845
0 0.6548699334543254 0.28815733219324496 0.10102843315184513 0.017101325352714837
0 0.6536600120992135 0.5840102607952117 0.09860859044162129 0.017101325352714837
0 0.7831215970961888 0.5344164172723386 0.11554748941318814 0.017101325352714837
0 0.7843315184513007 0.6081658828559213 0.11796733212341198 0.016673792218896963
0 0.7831215970961888 0.5585720393330483 0.11554748941318814 0.016673792218896963
0 0.7843315184513007 0.8418127404873877 0.11796733212341198 0.017101325352714837
0 0.7858439201451906 0.23193672509619495 0.12099213551119177 0.016673792218896963
0 0.6548699334543254 0.5592133390337751 0.10102843315184513 0.015391192817443352
0 0.6551724137931034 0.1569046601111586 0.10163339382940109 0.017101325352714837
0 0.7843315184513007 0.31231295425395467 0.11796733212341198 0.016673792218896963
0 0.6539624924379915 0.261650277896537 0.09921355111917725 0.01881145788798632
0 0.7834240774349668 0.4557503206498504 0.1161524500907441 0.017101325352714837
0 0.7843315184513007 0.36532706284737065 0.11796733212341198 0.017528858486532708
0 0.7837265577737447 0.15840102607952117 0.12038717483363581 0.016673792218896963
0 0.6551724137931034 0.182129115006413 0.10163339382940109 0.017101325352714837
0 0.6569872958257713 0.8191534843950407 0.10163339382940109 0.01881145788798632
0 0.7834240774349668 0.7734074390765284 0.1161524500907441 0.015391192817443352
0 0.7831215970961888 0.7488242838820008 0.11554748941318814 0.014963659683625482
0 0.7855414398064126 0.10602821718683197 0.12038717483363581 0.015391192817443352
0 0.7834240774349668 0.5859341598973921 0.1161524500907441 0.016673792218896963
0 0.6560798548094374 0.844377939290295 0.10344827586206896 0.01881145788798632
0 0.7843315184513007 0.4796921761436511 0.11796733212341198 0.017101325352714837
0 0.6560798548094374 0.13061137238135956 0.10344827586206896 0.01581872595126122
0 0.7843315184513007 0.13168020521590423 0.11796733212341198 0.015391192817443352
0 0.7855414398064126 0.6344591705857204 0.12038717483363581 0.015391192817443352
0 0.7843315184513007 0.8165882855921334 0.11796733212341198 0.017101325352714837
0 0.6536600120992135 0.45446772124839674 0.09860859044162129 0.017101325352714837
0 0.7834240774349668 0.3388200085506627 0.1161524500907441 0.01581872595126122
0 0.7834240774349668 0.3909790508764429 0.1161524500907441 0.016673792218896963
0 0.6551724137931034 0.7734074390765284 0.10163339382940109 0.017101325352714837
0 0.6539624924379915 0.08123129542539546 0.09921355111917725 0.017101325352714837
0 0.7831215970961888 0.8674647285164601 0.11554748941318814 0.017101325352714837
0 0.6536600120992135 0.8935442496793502 0.09860859044162129 0.017101325352714837
0 0.6563823351482153 0.3396750748182984 0.10405323653962492 0.017528858486532708
0 0.6548699334543254 0.6344591705857204 0.10223835450695705 0.015391192817443352
0 0.6536600120992135 0.6618212911500642 0.09860859044162129 0.015391192817443352
0 0.6536600120992135 0.36447199657973495 0.09860859044162129 0.01581872595126122
0 0.6548699334543254 0.31145788798631896 0.10102843315184513 0.01581872595126122
