0 0.43411764705882355 0.8997727272727273 0.7341176470588235 0.018636363636363635
0 0.4988235294117647 0.7602272727272728 0.9058823529411765 0.11409090909090909
0 0.49205882352941177 0.6879545454545455 0.8935294117647059 0.031363636363636364
0 0.2861764705882353 0.5631818181818182 0.4194117647058824 0.016363636363636365
0 0.44882352941176473 0.495 0.21529411764705883 0.016363636363636365
0 0.26176470588235295 0.8554545454545455 0.38588235294117645 0.016363636363636365
0 0.4652941176470588 0.8775 0.8435294117647059 0.017727272727272727
0 0.3835294117647059 0.5859090909090909 0.6141176470588235 0.016363636363636365
0 0.4861764705882353 0.8313636363636364 0.8817647058823529 0.031818181818181815
0 0.33205882352941174 0.5404545454545454 0.5111764705882353 0.016363636363636365
0 0.3191176470588235 0.5177272727272727 0.4852941176470588 0.016363636363636365
0 0.14852941176470588 0.495 0.20294117647058824 0.016363636363636365
