0 0.867816091954023 0.3837109876015391 0.04053236539624924 0.01410859341598974
0 0.867816091954023 0.612868747327918 0.04053236539624924 0.01410859341598974
0 0.8009679370840895 0.21440786660966224 0.04597701149425287 0.01410859341598974
0 0.8012704174228675 0.5540829414279607 0.045372050816696916 0.01453612654980761
0 0.8018753781004234 0.6876870457460453 0.044162129461584994 0.01410859341598974
0 0.8012704174228675 0.3837109876015391 0.045372050816696916 0.01410859341598974
0 0.868421052631579 0.6876870457460453 0.03932244404113733 0.01410859341598974
0 0.8336358136721113 0.175502351432236 0.11131276467029642 0.01410859341598974
0 0.8009679370840895 0.15626336041043182 0.04597701149425287 0.01410859341598974
0 0.867816091954023 0.5540829414279607 0.04053236539624924 0.01453612654980761
0 0.8012704174228675 0.3118854211201368 0.045372050816696916 0.01410859341598974
0 0.867816091954023 0.3118854211201368 0.04053236539624924 0.01410859341598974
0 0.8012704174228675 0.612868747327918 0.045372050816696916 0.01410859341598974
0 0.8336358136721113 0.23364685763146645 0.11131276467029642 0.01410859341598974
