0 0.8056227327690447 0.6122274476271911 0.1094316807738815 0.013681060282171868
0 0.6668681983071342 0.31573321932449766 0.09552599758162031 0.01410859341598974
0 0.6668681983071342 0.16652415562206072 0.09552599758162031 0.01410859341598974
0 0.8056227327690447 0.4591705857203933 0.11305925030229746 0.013681060282171868
0 0.6668681983071342 0.6761436511329628 0.09552599758162031 0.01410859341598974
0 0.8074365175332527 0.3155194527575887 0.11064087061668681 0.013681060282171868
0 0.8080411124546554 0.16652415562206072 0.11185006045949214 0.01410859341598974
0 0.6668681983071342 0.24711415134672937 0.09552599758162031 0.013681060282171868
0 0.8095525997581621 0.24711415134672937 0.11487303506650544 0.015391192817443352
0 0.8077388149939541 0.5525865754595981 0.11124546553808948 0.01410859341598974
0 0.6683796856106409 0.48268490808037623 0.09975816203143893 0.01453612654980761
0 0.6665659008464329 0.6363830696879008 0.09613059250302297 0.01410859341598974
0 0.8080411124546554 0.7122702009405729 0.11185006045949214 0.013681060282171868
0 0.6665659008464329 0.7486105173150919 0.09613059250302297 0.013681060282171868
0 0.8080411124546554 0.5286447199657973 0.11064087061668681 0.01410859341598974
0 0.8071342200725514 0.7486105173150919 0.11003627569528417 0.013681060282171868
0 0.6665659008464329 0.5286447199657973 0.10096735187424426 0.01410859341598974
0 0.6644498186215235 0.4593843522873023 0.09673518742442563 0.01410859341598974
0 0.8077388149939541 0.6363830696879008 0.11124546553808948 0.01410859341598974
0 0.8077388149939541 0.6761436511329628 0.11124546553808948 0.01410859341598974
0 0.808645707376058 0.39653698161607526 0.11305925030229746 0.01410859341598974
0 0.808645707376058 0.48268490808037623 0.11305925030229746 0.013681060282171868
0 0.6668681983071342 0.7122702009405729 0.09673518742442563 0.013681060282171868
0 0.6668681983071342 0.3963232150491663 0.09552599758162031 0.013681060282171868
0 0.6653567110036276 0.6124412141941 0.09854897218863362 0.014963659683625482
0 0.6665659008464329 0.5519452757588713 0.09613059250302297 0.01453612654980761
