0 0.8699334543254689 0.11265498076100898 0.036297640653357534 0.01410859341598974
0 0.8027828191167574 0.2661393758016246 0.04234724742891712 0.01410859341598974
0 0.8024803387779794 0.54617357845233 0.04295220810647308 0.01410859341598974
0 0.868421052631579 0.8781530568619068 0.03932244404113733 0.01453612654980761
0 0.868723532970357 0.24519025224454896 0.039927404718693285 0.01410859341598974
0 0.8027828191167574 0.32770414707139806 0.04234724742891712 0.01410859341598974
0 0.8690260133091349 0.3516460025651988 0.038112522686025406 0.01410859341598974
0 0.8027828191167574 0.1874732791791364 0.04234724742891712 0.01410859341598974
0 0.8003629764065335 0.22595126122274475 0.03508771929824561 0.01410859341598974
0 0.8033877797943134 0.24561778537836682 0.0411373260738052 0.01410859341598974
0 0.8027828191167574 0.11265498076100898 0.039927404718693285 0.01410859341598974
0 0.8024803387779794 0.8197947840957674 0.04295220810647308 0.01410859341598974
0 0.8033877797943134 0.3516460025651988 0.0411373260738052 0.01410859341598974
0 0.8690260133091349 0.2661393758016246 0.038112522686025406 0.01410859341598974
0 0.8024803387779794 0.6440786660966225 0.04295220810647308 0.01410859341598974
0 0.868421052631579 0.6440786660966225 0.03932244404113733 0.01410859341598974
0 0.8027828191167574 0.2866609662248824 0.04234724742891712 0.01410859341598974
0 0.868421052631579 0.6244121419410005 0.03932244404113733 0.01410859341598974
0 0.8699334543254689 0.4606669516887559 0.036297640653357534 0.01410859341598974
0 0.8027828191167574 0.3071825566481402 0.04234724742891712 0.01410859341598974
0 0.8018753781004234 0.8781530568619068 0.044162129461584994 0.01453612654980761
0 0.8699334543254689 0.54617357845233 0.036297640653357534 0.01410859341598974
0 0.8690260133091349 0.3071825566481402 0.038112522686025406 0.01410859341598974
0 0.7994555353901996 0.8582727661393758 0.03690260133091349 0.01410859341598974
0 0.8018753781004234 0.6244121419410005 0.044162129461584994 0.01410859341598974
0 0.8018753781004234 0.4606669516887559 0.044162129461584994 0.01410859341598974
0 0.8690260133091349 0.32770414707139806 0.038112522686025406 0.01410859341598974
0 0.8690260133091349 0.2866609662248824 0.038112522686025406 0.01410859341598974
