0 0.6785294117647059 0.45795454545454545 0.08176470588235295 0.017727272727272727
0 0.6902941176470588 0.6618181818181819 0.06764705882352941 0.014545454545454545
0 0.8888235294117647 0.6622727272727272 0.08941176470588236 0.012727272727272728
0 0.8220588235294117 0.45795454545454545 0.11 0.015
0 0.2126470588235294 0.8281818181818181 0.11470588235294117 0.012727272727272728
0 0.7852941176470588 0.6620454545454545 0.07058823529411765 0.015
0 0.2782352941176471 0.7381818181818182 0.24235294117647058 0.014545454545454545
0 0.23352941176470587 0.7688636363636364 0.15294117647058825 0.017727272727272727
0 0.23147058823529412 0.7981818181818182 0.14882352941176472 0.014545454545454545
0 0.23470588235294118 0.8588636363636364 0.15529411764705883 0.013181818181818182
