0 0.7931034482758621 0.2896536981616075 0.11131276467029642 0.01410859341598974
0 0.6515426497277677 0.7832407011543394 0.09437386569872959 0.013681060282171868
0 0.6524500907441017 0.8597691321077383 0.09618874773139746 0.013681060282171868
0 0.794010889292196 0.08614792646430099 0.11312764670296431 0.01410859341598974
0 0.6527525710828797 0.2894399315946986 0.09679370840895342 0.01453612654980761
0 0.7952208106473079 0.8595553655408295 0.11554748941318814 0.014963659683625482
0 0.6515426497277677 0.2419837537409149 0.09437386569872959 0.013681060282171868
0 0.7928009679370841 0.6348867037195383 0.11070780399274047 0.013681060282171868
0 0.6527525710828797 0.7216759298845661 0.09679370840895342 0.013681060282171868
0 0.7928009679370841 0.8832834544677213 0.11070780399274047 0.013681060282171868
0 0.6527525710828797 0.5044890979050877 0.09679370840895342 0.013681060282171868
0 0.794010889292196 0.4811885421120137 0.11312764670296431 0.01410859341598974
0 0.7931034482758621 0.7216759298845661 0.11131276467029642 0.013681060282171868
0 0.7928009679370841 0.3745190252244549 0.11070780399274047 0.013681060282171868
0 0.6524500907441017 0.5284309533988885 0.09618874773139746 0.013681060282171868
0 0.7952208106473079 0.5284309533988885 0.11554748941318814 0.013681060282171868
0 0.6527525710828797 0.8834972210346301 0.09679370840895342 0.01410859341598974
0 0.794010889292196 0.8067550235143224 0.11312764670296431 0.01453612654980761
0 0.6524500907441017 0.2659256092347157 0.09618874773139746 0.01453612654980761
0 0.7931034482758621 0.5899957246686618 0.11131276467029642 0.013681060282171868
0 0.6536600120992135 0.3745190252244549 0.09860859044162129 0.013681060282171868
0 0.6524500907441017 0.5519452757588713 0.09618874773139746 0.013681060282171868
0 0.794010889292196 0.5519452757588713 0.11312764670296431 0.013681060282171868
0 0.794010889292196 0.7597263787943566 0.11312764670296431 0.013681060282171868
0 0.794010889292196 0.2659256092347157 0.11312764670296431 0.013681060282171868
0 0.794010889292196 0.13296280461735785 0.11312764670296431 0.013681060282171868
0 0.6515426497277677 0.10944848225737494 0.09437386569872959 0.013681060282171868
0 0.794313369630974 0.2419837537409149 0.11373260738052027 0.01453612654980761
0 0.794010889292196 0.15669089354424967 0.11312764670296431 0.014963659683625482
0 0.6524500907441017 0.1569046601111586 0.09618874773139746 0.013681060282171868
0 0.6515426497277677 0.08614792646430099 0.09437386569872959 0.01410859341598974
0 0.7931034482758621 0.3512184694313809 0.11131276467029642 0.01410859341598974
0 0.6527525710828797 0.3274903805044891 0.09679370840895342 0.013681060282171868
0 0.6524500907441017 0.6348867037195383 0.09618874773139746 0.013681060282171868
0 0.794010889292196 0.7832407011543394 0.11312764670296431 0.013681060282171868
0 0.794010889292196 0.3274903805044891 0.11312764670296431 0.013681060282171868
0 0.794010889292196 0.10944848225737494 0.11312764670296431 0.013681060282171868
0 0.7928009679370841 0.6955964087216759 0.11070780399274047 0.01453612654980761
0 0.6515426497277677 0.8067550235143224 0.09437386569872959 0.013681060282171868
0 0.6524500907441017 0.7597263787943566 0.09618874773139746 0.013681060282171868
0 0.6524500907441017 0.6955964087216759 0.09618874773139746 0.013681060282171868
0 0.794010889292196 0.5044890979050877 0.11312764670296431 0.013681060282171868
0 0.6524500907441017 0.5899957246686618 0.09618874773139746 0.013681060282171868
0 0.6524500907441017 0.20179563916203505 0.09618874773139746 0.013681060282171868
0 0.6524500907441017 0.4811885421120137 0.09618874773139746 0.01410859341598974
0 0.794010889292196 0.20179563916203505 0.11312764670296431 0.013681060282171868
0 0.6524500907441017 0.3512184694313809 0.09618874773139746 0.01410859341598974
0 0.6512401693889898 0.13296280461735785 0.09376890502117362 0.013681060282171868
