0 0.38814993954050786 0.25138948268490807 0.5937122128174124 0.01881145788798632
0 0.4703748488512696 0.4352287302265926 0.7496977025392987 0.017101325352714837
0 0.4779322853688029 0.4628046173578452 0.7660217654171705 0.030354852501068834
0 0.13210399032648126 0.5476699444206926 0.07315598548972188 0.017101325352714837
0 0.32980652962515117 0.2902949978623343 0.47339782345828296 0.017101325352714837
0 0.23730350665054414 0.5690466011115861 0.28355501813784767 0.017101325352714837
0 0.48458282950423215 0.7218896964514749 0.7769044740024184 0.016673792218896963
0 0.32466747279322855 0.5904232578024797 0.45828295042321643 0.017101325352714837
0 0.4035671100362757 0.8343309106455751 0.1336154776299879 0.014963659683625482
0 0.47249093107617895 0.2231722958529286 0.7587666263603385 0.030782385634886705
0 0.30743651753325274 0.49123557075673363 0.4238210399032648 0.017101325352714837
0 0.12817412333736397 0.7652843095339888 0.06529625151148731 0.017101325352714837
0 0.3893591293833132 0.3116716545532279 0.592503022974607 0.016246259085079092
0 0.716142684401451 0.8343309106455751 0.2750906892382104 0.014963659683625482
0 0.4313784764207981 0.7007268063274904 0.6717049576783555 0.017101325352714837
