0 0.7740471869328494 0.28879863189397176 0.045372050816696916 0.01410859341598974
0 0.7749546279491834 0.2075673364685763 0.047186932849364795 0.01410859341598974
0 0.8575317604355717 0.20735356990166737 0.04295220810647308 0.013681060282171868
0 0.7743496672716274 0.31936725096194957 0.04597701149425287 0.013681060282171868
0 0.7749546279491834 0.23792218896964515 0.047186932849364795 0.014963659683625482
0 0.8581367211131277 0.23792218896964515 0.044162129461584994 0.014963659683625482
0 0.7758620689655172 0.13125267208208635 0.04900181488203267 0.01453612654980761
0 0.7749546279491834 0.16930312099187686 0.047186932849364795 0.013681060282171868
0 0.8572292800967937 0.28879863189397176 0.04234724742891712 0.01410859341598974
0 0.8563218390804598 0.1695168875587858 0.04053236539624924 0.01410859341598974
0 0.8572292800967937 0.3195810175288585 0.04234724742891712 0.01410859341598974
0 0.8572292800967937 0.13125267208208635 0.04234724742891712 0.013681060282171868
