0 0.8052026618269812 0.7447627191107311 0.1161524500907441 0.01966652415562206
0 0.8073200241984271 0.407225309961522 0.12038717483363581 0.021804189824711415
0 0.6563823351482153 0.37729799059427105 0.10405323653962492 0.020094057289439932
0 0.6563823351482153 0.7131252672082087 0.10405323653962492 0.021376656690893545
0 0.6572897761645493 0.8063274903805044 0.10586811857229281 0.01966652415562206
0 0.8049001814882033 0.7131252672082087 0.11675741076830005 0.021376656690893545
0 0.8061101028433152 0.6823428815733219 0.11796733212341198 0.021376656690893545
0 0.8039927404718693 0.8058999572466866 0.11373260738052027 0.01881145788798632
0 0.8061101028433152 0.2304403591278324 0.11796733212341198 0.021376656690893545
0 0.8049001814882033 0.48182984181274047 0.11554748941318814 0.020521590423257803
0 0.6551724137931034 0.23065412569474134 0.10163339382940109 0.020949123557075674
0 0.6560798548094374 0.7447627191107311 0.10344827586206896 0.01966652415562206
0 0.8064125831820932 0.1827704147071398 0.11857229280096794 0.020949123557075674
0 0.6557773744706594 0.28858486532706284 0.09921355111917725 0.020521590423257803
0 0.6548699334543254 0.43886276186404444 0.10102843315184513 0.020094057289439932
0 0.6560798548094374 0.7755451047456178 0.10344827586206896 0.01966652415562206
0 0.8064125831820932 0.6498503634031637 0.11857229280096794 0.021376656690893545
0 0.8061101028433152 0.2877297990594271 0.11796733212341198 0.022231722958529286
0 0.6560798548094374 0.48182984181274047 0.10344827586206896 0.020521590423257803
0 0.6575922565033273 0.6064557503206498 0.10647307924984876 0.020949123557075674
0 0.6551724137931034 0.5748182984181274 0.10163339382940109 0.022659256092347157
0 0.6548699334543254 0.8614792646430098 0.10102843315184513 0.020521590423257803
0 0.6572897761645493 0.6829841812740487 0.10586811857229281 0.020094057289439932
0 0.6560798548094374 0.5451047456177853 0.10344827586206896 0.020521590423257803
0 0.8061101028433152 0.8621205643437366 0.11796733212341198 0.022659256092347157
0 0.8052026618269812 0.37729799059427105 0.1161524500907441 0.020094057289439932
0 0.8076225045372051 0.6066695168875588 0.12099213551119177 0.020521590423257803
0 0.6551724137931034 0.4070115433946131 0.10163339382940109 0.022231722958529286
0 0.8061101028433152 0.7753313381787088 0.11796733212341198 0.020094057289439932
0 0.6560798548094374 0.6504916631038905 0.10344827586206896 0.020094057289439932
0 0.6560798548094374 0.18255664814023087 0.10344827586206896 0.021376656690893545
0 0.8061101028433152 0.5448909790508765 0.11796733212341198 0.020949123557075674
0 0.8061101028433152 0.5143223599828987 0.11796733212341198 0.020521590423257803
0 0.6557773744706594 0.5158187259512612 0.10405323653962492 0.020094057289439932
0 0.8073200241984271 0.5758871312526721 0.12038717483363581 0.020521590423257803
0 0.8052026618269812 0.4386489952971355 0.1161524500907441 0.020521590423257803
