0 0.8514821536600121 0.13296280461735785 0.04900181488203267 0.020521590423257803
0 0.7268602540834845 0.3747327917913638 0.055051421657592255 0.01838392475416845
0 0.852389594676346 0.2625053441641727 0.050816696914700546 0.020521590423257803
0 0.7244404113732608 0.13360410431808464 0.05021173623714459 0.01838392475416845
0 0.7253478523895946 0.22338606241983755 0.05202661826981246 0.020094057289439932
0 0.7289776164549304 0.33689610944848225 0.05928614640048397 0.01881145788798632
0 0.852389594676346 0.3755878580589996 0.050816696914700546 0.01923899102180419
0 0.7253478523895946 0.2992731936725096 0.05202661826981246 0.01881145788798632
0 0.8514821536600121 0.2986318939717828 0.04900181488203267 0.016673792218896963
0 0.853599516031458 0.33753740914920904 0.05323653962492438 0.01838392475416845
0 0.853599516031458 0.2231722958529286 0.05323653962492438 0.020521590423257803
0 0.7265577737447066 0.26079521162890124 0.0544464609800363 0.020521590423257803
0 0.852692075015124 0.41278324070115435 0.0514216575922565 0.020094057289439932
0 0.7277676950998185 0.41299700726806327 0.056866303690260134 0.020521590423257803
