0 0.6684815486993345 0.3353997434801197 0.09921355111917725 0.014963659683625482
0 0.6651542649727767 0.21846943138093203 0.09739866908650938 0.01453612654980761
0 0.6660617059891107 0.29692176143651133 0.09921355111917725 0.01410859341598974
0 0.8076225045372051 0.21911073108165882 0.1161524500907441 0.01581872595126122
0 0.6663641863278887 0.3619067977768277 0.0998185117967332 0.01410859341598974
0 0.8079249848759831 0.36105173150919195 0.11675741076830005 0.01581872595126122
0 0.8067150635208712 0.24476271911073108 0.11433756805807622 0.014963659683625482
0 0.8079249848759831 0.29649422830269345 0.11675741076830005 0.014963659683625482
0 0.6651542649727767 0.2702009405728944 0.09739866908650938 0.015391192817443352
0 0.6660617059891107 0.24476271911073108 0.09921355111917725 0.01581872595126122
0 0.8115547489413188 0.3360410431808465 0.11796733212341198 0.017101325352714837
0 0.8067150635208712 0.27105600684053016 0.11433756805807622 0.017101325352714837
