0 0.17684401451027812 0.3587002992731937 0.23035066505441354 0.012825994014536126
0 0.5819226118500604 0.3394613082513895 0.15175332527206772 0.012825994014536126
0 0.15900846432889965 0.3394613082513895 0.1946795646916566 0.012825994014536126
0 0.599758162031439 0.3587002992731937 0.18742442563482467 0.012825994014536126
0 0.40840386940749696 0.7905087644292432 0.1759371221281741 0.012825994014536126
0 0.6215235792019347 0.23001282599401454 0.2309552599758162 0.012825994014536126
0 0.11457073760580411 0.23001282599401454 0.10580411124546554 0.012825994014536126
0 0.3954050785973398 0.808037622915776 0.14993954050785974 0.012825994014536126
0 0.49818621523579204 0.25716117999144933 0.8730350665054414 0.0337751175716118
0 0.49818621523579204 0.37793929029499784 0.8730350665054414 0.015391192817443352
