0 0.6904474002418379 0.37708422402736214 0.056831922611850064 0.015391192817443352
0 0.12877871825876663 0.37772552372808893 0.0471584038694075 0.016673792218896963
0 0.1284764207980653 0.22124839675074817 0.06590084643288996 0.016673792218896963
0 0.48428053204353083 0.18683197947840957 0.777509068923821 0.0367678495083369
0 0.5731559854897219 0.37708422402736214 0.056831922611850064 0.015391192817443352
0 0.34552599758162034 0.3993159469858914 0.07073760580411124 0.015391192817443352
0 0.6974002418379686 0.3993159469858914 0.07073760580411124 0.015391192817443352
0 0.1336154776299879 0.3999572466866182 0.056831922611850064 0.016673792218896963
0 0.4628174123337364 0.3993159469858914 0.07073760580411124 0.015391192817443352
0 0.1336154776299879 0.42176143651132963 0.056831922611850064 0.016673792218896963
0 0.1293833131801693 0.4431380932022232 0.04836759371221282 0.016673792218896963
0 0.5801088270858524 0.3993159469858914 0.07073760580411124 0.015391192817443352
0 0.4313784764207981 0.15284309533988885 0.6717049576783555 0.016673792218896963
0 0.4558645707376058 0.37708422402736214 0.056831922611850064 0.015391192817443352
0 0.2530229746070133 0.5453185121846943 0.3186215235792019 0.016673792218896963
0 0.3385731559854897 0.37708422402736214 0.056831922611850064 0.015391192817443352
0 0.5015114873035067 0.5453185121846943 0.05985489721886336 0.016673792218896963
