0 0.8784029038112523 0.3516460025651988 0.06654567453115548 0.016673792218896963
0 0.7586206896551724 0.4356562633604104 0.06412583182093164 0.017101325352714837
0 0.8768905021173624 0.43629756306113726 0.06352087114337568 0.01581872595126122
0 0.7598306110102844 0.3738777255237281 0.06654567453115548 0.016673792218896963
0 0.7607380520266183 0.39418554938007694 0.06836055656382335 0.015391192817443352
0 0.8784029038112523 0.37238135955536555 0.06654567453115548 0.017101325352714837
0 0.7595281306715064 0.3516460025651988 0.06594071385359952 0.016673792218896963
0 0.7586206896551724 0.41470713980333473 0.06412583182093164 0.016246259085079092
0 0.8768905021173624 0.41470713980333473 0.06352087114337568 0.016246259085079092
0 0.8793103448275862 0.39311671654553226 0.06836055656382335 0.017528858486532708
