0 0.6058041112454655 0.14856776400171012 0.049576783555018135 0.014963659683625482
0 0.5117896009673518 0.4794784095767422 0.05259975816203144 0.014963659683625482
0 0.24214026602176542 0.5876442924326636 0.36577992744860943 0.01410859341598974
0 0.5117896009673518 0.2982043608379649 0.05259975816203144 0.01581872595126122
0 0.5117896009673518 0.2015818725951261 0.05259975816203144 0.014963659683625482
0 0.749093107617896 0.20029927319367252 0.33615477629987905 0.02864471996579735
0 0.5117896009673518 0.35207353569901667 0.05259975816203144 0.01581872595126122
0 0.7079806529625151 0.47926464300983324 0.2539298669891173 0.01453612654980761
0 0.5117896009673518 0.08208636169303121 0.05259975816203144 0.01453612654980761
0 0.5117896009673518 0.24690038477982043 0.05259975816203144 0.01581872595126122
0 0.5117896009673518 0.4151346729371526 0.05259975816203144 0.015391192817443352
0 0.5117896009673518 0.15027789653698162 0.05259975816203144 0.01581872595126122
0 0.8258766626360339 0.08208636169303121 0.2140266021765417 0.01453612654980761
0 0.5117896009673518 0.11137238135955536 0.05259975816203144 0.014963659683625482
0 0.5117896009673518 0.3867037195382642 0.05259975816203144 0.01581872595126122
0 0.6058041112454655 0.2977768277041471 0.049576783555018135 0.014963659683625482
0 0.6058041112454655 0.08208636169303121 0.049576783555018135 0.01453612654980761
0 0.4954655380894801 0.6513467293715263 0.8724304715840387 0.04574604531851219
0 0.5117896009673518 0.44484822573749466 0.05259975816203144 0.01581872595126122
0 0.24032648125755743 0.6137238135955536 0.36215235792019346 0.01410859341598974
