0 0.8095525997581621 0.2791791363830697 0.056831922611850064 0.01453612654980761
0 0.29564691656590086 0.5979050876442924 0.3724304715840387 0.01410859341598974
0 0.4277509068923821 0.175502351432236 0.6680773881499396 0.01410859341598974
0 0.18137847642079807 0.6962377084224027 0.14389359129383314 0.01410859341598974
0 0.9035671100362757 0.37067122702009403 0.0501813784764208 0.01453612654980761
0 0.5099758162031439 0.6601111586147926 0.8010882708585247 0.015391192817443352
0 0.2379081015719468 0.5748182984181274 0.2569528415961306 0.01410859341598974
0 0.9035671100362757 0.3099615220179564 0.0501813784764208 0.01453612654980761
0 0.21825876662636035 0.6778537836682342 0.21765417170495768 0.014963659683625482
0 0.8095525997581621 0.37067122702009403 0.056831922611850064 0.01453612654980761
0 0.3648730350665054 0.7372808892689183 0.5108827085852479 0.01410859341598974
0 0.8095525997581621 0.3099615220179564 0.056831922611850064 0.01453612654980761
0 0.3954050785973398 0.7193244976485678 0.5719467956469165 0.01410859341598974
0 0.41686819830713423 0.6380932022231723 0.6148730350665055 0.01410859341598974
0 0.9017533252720678 0.23514322359982898 0.046553808948004836 0.01453612654980761
0 0.9035671100362757 0.2791791363830697 0.0501813784764208 0.01453612654980761
0 0.5069528415961306 0.1513467293715263 0.8264812575574365 0.027362120564343735
0 0.8095525997581621 0.23514322359982898 0.056831922611850064 0.01453612654980761
0 0.34129383313180167 0.08572039333048312 0.4951632406287787 0.01410859341598974
0 0.5151148730350665 0.556434373663959 0.81136638452237 0.01410859341598974
0 0.2617896009673519 0.619281744335186 0.3047158403869408 0.01410859341598974
0 0.5117896009673518 0.5183839247541685 0.8047158403869408 0.043180846515604956
