0 0.8454325468844525 0.6975203078238563 0.04053236539624924 0.01410859341598974
0 0.76346037507562 0.4715690466011116 0.04597701149425287 0.013681060282171868
0 0.8454325468844525 0.248396750748183 0.04053236539624924 0.013681060282171868
0 0.852692075015124 0.8452330055579308 0.04053236539624924 0.013681060282171868
0 0.8457350272232305 0.27233860624198375 0.0411373260738052 0.013681060282171868
0 0.7701149425287356 0.8452330055579308 0.04597701149425287 0.013681060282171868
0 0.76346037507562 0.248396750748183 0.04597701149425287 0.013681060282171868
0 0.8460375075620085 0.44548952543822146 0.041742286751361164 0.013681060282171868
0 0.852692075015124 0.8687473279179136 0.04053236539624924 0.013681060282171868
0 0.763762855414398 0.6973065412569475 0.04658197217180883 0.013681060282171868
0 0.76346037507562 0.4950833689610945 0.04597701149425287 0.013681060282171868
0 0.8457350272232305 0.15647712697734073 0.0411373260738052 0.013681060282171868
0 0.8466424682395645 0.19752030782385635 0.04295220810647308 0.013681060282171868
0 0.7625529340592861 0.33219324497648567 0.044162129461584994 0.013681060282171868
0 0.85329703569268 0.797776827704147 0.041742286751361164 0.013681060282171868
0 0.852692075015124 0.8217186831979478 0.04053236539624924 0.013681060282171868
0 0.763762855414398 0.6246259085079093 0.04658197217180883 0.01453612654980761
0 0.7628554143980641 0.19666524155622062 0.047186932849364795 0.013681060282171868
0 0.8454325468844525 0.4194100042753313 0.04053236539624924 0.013681060282171868
0 0.8463399879007865 0.30825138948268493 0.04234724742891712 0.013681060282171868
0 0.8454325468844525 0.39333048311244123 0.04053236539624924 0.013681060282171868
0 0.7628554143980641 0.39333048311244123 0.04476709013914096 0.013681060282171868
0 0.76346037507562 0.4194100042753313 0.04597701149425287 0.013681060282171868
0 0.8463399879007865 0.5314236853356135 0.04234724742891712 0.013681060282171868
0 0.76346037507562 0.27212483967507484 0.04597701149425287 0.01410859341598974
0 0.8463399879007865 0.6609662248824284 0.04234724742891712 0.013681060282171868
0 0.7628554143980641 0.30825138948268493 0.04476709013914096 0.013681060282171868
0 0.8460375075620085 0.4715690466011116 0.041742286751361164 0.013681060282171868
0 0.7701149425287356 0.8217186831979478 0.04597701149425287 0.013681060282171868
0 0.8463399879007865 0.33219324497648567 0.04234724742891712 0.013681060282171868
0 0.7628554143980641 0.15647712697734073 0.04476709013914096 0.013681060282171868
0 0.8457350272232305 0.6250534416417273 0.0411373260738052 0.013681060282171868
0 0.76346037507562 0.5314236853356135 0.04597701149425287 0.013681060282171868
0 0.8454325468844525 0.4950833689610945 0.04053236539624924 0.013681060282171868
0 0.7692075015124017 0.8687473279179136 0.044162129461584994 0.013681060282171868
0 0.7695099818511797 0.797776827704147 0.04476709013914096 0.013681060282171868
0 0.7628554143980641 0.44548952543822146 0.04476709013914096 0.013681060282171868
0 0.763762855414398 0.6611799914493374 0.04658197217180883 0.01410859341598974
