0 0.6123529411764705 0.41659090909090907 0.21411764705882352 0.01681818181818182
0 0.1161764705882353 0.4156818181818182 0.1476470588235294 0.015
0 0.16588235294117648 0.2652272727272727 0.06235294117647059 0.023181818181818182
0 0.17647058823529413 0.46204545454545454 0.2635294117647059 0.01681818181818182
0 0.2076470588235294 0.3709090909090909 0.3247058823529412 0.014545454545454545
0 0.1564705882352941 0.4465909090909091 0.2211764705882353 0.014090909090909091
0 0.12470588235294118 0.38636363636363635 0.1588235294117647 0.014545454545454545
0 0.5470588235294118 0.4011363636363636 0.08352941176470588 0.015
0 0.6302941176470588 0.3840909090909091 0.2488235294117647 0.015454545454545455
0 0.25882352941176473 0.2652272727272727 0.07058823529411765 0.013181818181818182
0 0.08 0.2652272727272727 0.06588235294117648 0.023181818181818182
0 0.6555882352941177 0.445 0.30058823529411766 0.014545454545454545
0 0.21 0.4304545454545455 0.3270588235294118 0.014545454545454545
0 0.6702941176470588 0.4304545454545455 0.3276470588235294 0.014545454545454545
0 0.53 0.4622727272727273 0.04941176470588235 0.014545454545454545
0 0.12088235294117647 0.4011363636363636 0.15705882352941178 0.015
0 0.6138235294117647 0.37 0.21588235294117647 0.01090909090909091
0 0.5797058823529412 0.4763636363636364 0.15470588235294117 0.014545454545454545
