0 0.8768905021173624 0.3587002992731937 0.06352087114337568 0.015391192817443352
0 0.8771929824561403 0.5275758871312527 0.06412583182093164 0.015391192817443352
0 0.8768905021173624 0.42133390337751175 0.06352087114337568 0.01581872595126122
0 0.8771929824561403 0.4003847798204361 0.06412583182093164 0.01581872595126122
0 0.8768905021173624 0.33753740914920904 0.06352087114337568 0.01581872595126122
0 0.7586206896551724 0.5275758871312527 0.06412583182093164 0.015391192817443352
0 0.7595281306715064 0.3582727661393758 0.06594071385359952 0.016246259085079092
0 0.7583182093163945 0.40059854638734504 0.06352087114337568 0.015391192817443352
0 0.7583182093163945 0.44249679350149634 0.06352087114337568 0.015391192817443352
0 0.7595281306715064 0.33753740914920904 0.06594071385359952 0.01581872595126122
0 0.8768905021173624 0.44249679350149634 0.06352087114337568 0.015391192817443352
0 0.8781004234724743 0.3790081231295425 0.06594071385359952 0.016673792218896963
0 0.7595281306715064 0.3792218896964515 0.06594071385359952 0.016246259085079092
0 0.8768905021173624 0.506626763574177 0.06352087114337568 0.015391192817443352
0 0.7577132486388385 0.4226165027789654 0.06594071385359952 0.01581872595126122
0 0.7583182093163945 0.506626763574177 0.06352087114337568 0.015391192817443352
