0 0.853599516031458 0.4771269773407439 0.04234724742891712 0.013681060282171868
0 0.7589231699939504 0.2629328772979906 0.04779189352692075 0.013681060282171868
0 0.8415003024803388 0.2629328772979906 0.04234724742891712 0.013681060282171868
0 0.7589231699939504 0.1735784523300556 0.04779189352692075 0.013681060282171868
0 0.853599516031458 0.648995297135528 0.04234724742891712 0.013681060282171868
0 0.7577132486388385 0.2937152629328773 0.045372050816696916 0.013681060282171868
0 0.8405928614640048 0.1735784523300556 0.04053236539624924 0.013681060282171868
0 0.7710223835450696 0.5309961522017956 0.04779189352692075 0.013681060282171868
0 0.7710223835450696 0.4407866609662249 0.04779189352692075 0.013681060282171868
0 0.7701149425287356 0.6492090637024369 0.04597701149425287 0.01410859341598974
0 0.8415003024803388 0.0867892261650278 0.04234724742891712 0.01453612654980761
0 0.853599516031458 0.5840102607952117 0.04234724742891712 0.013681060282171868
0 0.7710223835450696 0.38520735356990166 0.04779189352692075 0.013681060282171868
0 0.853599516031458 0.44121419410004276 0.04234724742891712 0.013681060282171868
0 0.7589231699939504 0.05109020949123557 0.04779189352692075 0.01410859341598974
0 0.853599516031458 0.38520735356990166 0.04234724742891712 0.013681060282171868
0 0.7589231699939504 0.11073108165882856 0.04779189352692075 0.013681060282171868
0 0.853599516031458 0.5312099187687046 0.04234724742891712 0.01410859341598974
0 0.7710223835450696 0.476913210773835 0.04779189352692075 0.01410859341598974
0 0.7589231699939504 0.08721675929884566 0.04779189352692075 0.013681060282171868
0 0.8418027828191168 0.22680632749038052 0.04295220810647308 0.01410859341598974
0 0.7710223835450696 0.622702009405729 0.04779189352692075 0.014963659683625482
0 0.8539019963702359 0.622702009405729 0.04295220810647308 0.014963659683625482
0 0.8418027828191168 0.05109020949123557 0.04295220810647308 0.01410859341598974
0 0.7713248638838476 0.5833689610944848 0.04839685420447671 0.014963659683625482
0 0.7580157289776165 0.22595126122274475 0.04597701149425287 0.014963659683625482
0 0.8415003024803388 0.29350149636596834 0.04234724742891712 0.01410859341598974
0 0.8427102238354507 0.11073108165882856 0.04476709013914096 0.013681060282171868
