0 0.5185294117647059 0.11613636363636363 0.8347058823529412 0.05136363636363636
0 0.2741176470588235 0.5863636363636363 0.3447058823529412 0.03636363636363636
0 0.19470588235294117 0.2809090909090909 0.13058823529411764 0.017272727272727273
0 0.49911764705882355 0.6715909090909091 0.7452941176470588 0.035
0 0.5173529411764706 0.825 0.8311764705882353 0.03636363636363636
0 0.36558823529411766 0.15363636363636363 0.5276470588235294 0.02
0 0.5226470588235295 0.7463636363636363 0.8452941176470589 0.11727272727272728
0 0.49970588235294117 0.36613636363636365 0.741764705882353 0.07045454545454545
0 0.5123529411764706 0.4515909090909091 0.8247058823529412 0.08409090909090909
0 0.5202941176470588 0.25 0.7852941176470588 0.03363636363636364
0 0.3961764705882353 0.1709090909090909 0.5370588235294118 0.017272727272727273
0 0.3926470588235294 0.5127272727272727 0.5829411764705882 0.03636363636363636
