0 0.7591176470588236 0.4040909090909091 0.13 0.016363636363636365
0 0.5032352941176471 0.7018181818181818 0.9135294117647059 0.06272727272727273
0 0.1111764705882353 0.4040909090909091 0.0811764705882353 0.016363636363636365
0 0.6870588235294117 0.3513636363636364 0.2211764705882353 0.016363636363636365
0 0.31441176470588234 0.7497727272727273 0.5358823529411765 0.01681818181818182
0 0.4152941176470588 0.3513636363636364 0.11294117647058824 0.016363636363636365
0 0.7247058823529412 0.38136363636363635 0.0611764705882353 0.016363636363636365
0 0.44323529411764706 0.38136363636363635 0.051176470588235295 0.016363636363636365
0 0.2988235294117647 0.4040909090909091 0.11647058823529412 0.016363636363636365
0 0.5302941176470588 0.4040909090909091 0.2252941176470588 0.016363636363636365
0 0.1564705882352941 0.6586363636363637 0.22 0.016363636363636365
0 0.4844117647058824 0.7793181818181818 0.8794117647058823 0.03227272727272727
0 0.5861764705882353 0.38136363636363635 0.1264705882352941 0.016363636363636365
