0 0.9038235294117647 0.5070454545454546 0.04294117647058823 0.013181818181818182
0 0.9038235294117647 0.7043181818181818 0.04294117647058823 0.013181818181818182
0 0.9038235294117647 0.4615909090909091 0.04294117647058823 0.013181818181818182
0 0.9038235294117647 0.5679545454545455 0.04294117647058823 0.013181818181818182
0 0.8482352941176471 0.6284090909090909 0.04941176470588235 0.013181818181818182
0 0.8482352941176471 0.4615909090909091 0.04941176470588235 0.013181818181818182
0 0.8482352941176471 0.5070454545454546 0.04941176470588235 0.013181818181818182
0 0.9038235294117647 0.5829545454545455 0.04294117647058823 0.013181818181818182
0 0.8482352941176471 0.7193181818181819 0.04941176470588235 0.013181818181818182
0 0.4223529411764706 0.4011363636363636 0.6341176470588236 0.013181818181818182
0 0.9038235294117647 0.7497727272727273 0.04294117647058823 0.013181818181818182
0 0.8482352941176471 0.5679545454545455 0.04941176470588235 0.013181818181818182
0 0.8482352941176471 0.7497727272727273 0.04941176470588235 0.013181818181818182
0 0.8482352941176471 0.5829545454545455 0.04941176470588235 0.013181818181818182
0 0.19852941176470587 0.3861363636363636 0.1864705882352941 0.013181818181818182
0 0.9038235294117647 0.6284090909090909 0.04294117647058823 0.013181818181818182
0 0.8482352941176471 0.7043181818181818 0.04941176470588235 0.013181818181818182
0 0.9038235294117647 0.7193181818181819 0.04294117647058823 0.013181818181818182
0 0.4373529411764706 0.41613636363636364 0.6641176470588235 0.013181818181818182
