0 0.5102941176470588 0.6370454545454546 0.8570588235294118 0.11409090909090909
0 0.5085294117647059 0.7902272727272728 0.8535294117647059 0.10863636363636364
0 0.10205882352941177 0.6079545454545454 0.04058823529411765 0.013181818181818182
0 0.10205882352941177 0.1390909090909091 0.04058823529411765 0.014545454545454545
0 0.5058823529411764 0.325 0.8482352941176471 0.13272727272727272
0 0.5038235294117647 0.49113636363636365 0.8441176470588235 0.11681818181818182
0 0.10205882352941177 0.7631818181818182 0.04058823529411765 0.014545454545454545
0 0.5091176470588236 0.16272727272727272 0.8547058823529412 0.11090909090909092
0 0.10205882352941177 0.4602272727272727 0.04058823529411765 0.013181818181818182
0 0.10205882352941177 0.28795454545454546 0.04058823529411765 0.013181818181818182
