0 0.5067647058823529 0.08977272727272727 0.8676470588235294 0.09318181818181819
0 0.5032352941176471 0.24227272727272728 0.8605882352941177 0.06363636363636363
0 0.28941176470588237 0.05181818181818182 0.06588235294117648 0.016363636363636365
0 0.5002941176470588 0.4540909090909091 0.8394117647058823 0.04
0 0.19970588235294118 0.15045454545454545 0.07352941176470588 0.016363636363636365
0 0.19970588235294118 0.21863636363636363 0.07352941176470588 0.016363636363636365
0 0.19970588235294118 0.05181818181818182 0.07352941176470588 0.016363636363636365
0 0.5591176470588235 0.38136363636363635 0.06647058823529411 0.016363636363636365
0 0.49176470588235294 0.30227272727272725 0.8341176470588235 0.03272727272727273
0 0.5173529411764706 0.7679545454545454 0.8723529411764706 0.04681818181818182
0 0.5114705882352941 0.1731818181818182 0.8747058823529412 0.06181818181818182
0 0.4526470588235294 0.7227272727272728 0.7429411764705882 0.031818181818181815
0 0.5058823529411764 0.5015909090909091 0.8505882352941176 0.04409090909090909
0 0.28911764705882353 0.21863636363636363 0.06647058823529411 0.016363636363636365
0 0.46205882352941174 0.6881818181818182 0.7629411764705882 0.016363636363636365
0 0.4702941176470588 0.38136363636363635 0.07352941176470588 0.016363636363636365
0 0.29 0.15045454545454545 0.06470588235294118 0.016363636363636365
