0 0.4914705882352941 0.049772727272727274 0.9123529411764706 0.02772727272727273
0 0.4929411764705882 0.13204545454545455 0.9117647058823529 0.028636363636363637
0 0.11352941176470588 0.6193181818181818 0.15294117647058825 0.013181818181818182
0 0.43 0.6315909090909091 0.2023529411764706 0.013181818181818182
0 0.4844117647058824 0.6802272727272727 0.8935294117647059 0.026818181818181817
0 0.405 0.6193181818181818 0.1476470588235294 0.013181818181818182
0 0.49176470588235294 0.2509090909090909 0.9129411764705883 0.016363636363636365
0 0.225 0.15931818181818183 0.37588235294117645 0.014090909090909091
0 0.20176470588235293 0.07840909090909091 0.32941176470588235 0.013181818181818182
0 0.2585294117647059 0.2293181818181818 0.4429411764705882 0.013181818181818182
0 0.1373529411764706 0.6329545454545454 0.20176470588235293 0.013181818181818182
0 0.4929411764705882 0.19522727272727272 0.9117647058823529 0.038636363636363635
0 0.4788235294117647 0.10113636363636364 0.8835294117647059 0.014090909090909091
0 0.7735294117647059 0.6306818181818182 0.34823529411764703 0.015909090909090907
0 0.48470588235294115 0.7575 0.9 0.026818181818181817
