0 0.46852941176470586 0.7645454545454545 0.06764705882352941 0.017272727272727273
0 0.49 0.7393181818181818 0.84 0.02772727272727273
0 0.7811764705882352 0.7645454545454545 0.12823529411764706 0.017272727272727273
0 0.5411764705882353 0.6284090909090909 0.8282352941176471 0.01681818181818182
0 0.6467647058823529 0.7645454545454545 0.09588235294117647 0.017272727272727273
0 0.30823529411764705 0.5538636363636363 0.4764705882352941 0.01681818181818182
0 0.21823529411764706 0.5234090909090909 0.2964705882352941 0.01681818181818182
0 0.5505882352941176 0.7645454545454545 0.06705882352941177 0.017272727272727273
0 0.5408823529411765 0.5979545454545454 0.8276470588235294 0.01681818181818182
0 0.49941176470588233 0.6961363636363637 0.8588235294117647 0.03227272727272727
0 0.4632352941176471 0.4934090909090909 0.7852941176470588 0.01681818181818182
0 0.5408823529411765 0.6588636363636363 0.8276470588235294 0.01681818181818182
