0 0.5235294117647059 0.6654545454545454 0.8682352941176471 0.014545454545454545
0 0.28411764705882353 0.5293181818181818 0.4364705882352941 0.015
0 0.3058823529411765 0.5143181818181818 0.48 0.015
0 0.39176470588235296 0.6811363636363637 0.6047058823529412 0.015
0 0.16029411764705884 0.8020454545454545 0.1888235294117647 0.015
0 0.5120588235294118 0.6127272727272727 0.8923529411764706 0.03
0 0.5079411764705882 0.34045454545454545 0.8841176470588236 0.03090909090909091
0 0.34647058823529414 0.5447727272727273 0.5611764705882353 0.015
0 0.4961764705882353 0.7390909090909091 0.898235294117647 0.08636363636363636
0 0.49558823529411766 0.6506818181818181 0.8123529411764706 0.015
