0 0.43823529411764706 0.5429545454545455 0.7505882352941177 0.01681818181818182
0 0.38323529411764706 0.7402272727272727 0.6405882352941177 0.01681818181818182
0 0.3561764705882353 0.8006818181818182 0.5864705882352941 0.01681818181818182
0 0.45235294117647057 0.8156818181818182 0.7788235294117647 0.01681818181818182
0 0.5005882352941177 0.7777272727272727 0.8752941176470588 0.031818181818181815
0 0.49970588235294117 0.7552272727272727 0.8735294117647059 0.01681818181818182
0 0.5005882352941177 0.45954545454545453 0.8752941176470588 0.031818181818181815
0 0.5005882352941177 0.649090909090909 0.8752941176470588 0.04727272727272727
0 0.5005882352941177 0.7172727272727273 0.8752941176470588 0.031818181818181815
0 0.5005882352941177 0.8386363636363636 0.8752941176470588 0.031818181818181815
0 0.5005882352941177 0.6868181818181818 0.8752941176470588 0.031818181818181815
0 0.5005882352941177 0.5052272727272727 0.8752941176470588 0.06227272727272727
