0 0.29058823529411765 0.6168181818181818 0.19294117647058823 0.022727272727272728
0 0.29058823529411765 0.860909090909091 0.19294117647058823 0.022727272727272728
0 0.6894117647058824 0.860909090909091 0.4435294117647059 0.022727272727272728
0 0.6894117647058824 0.37318181818181817 0.4435294117647059 0.022727272727272728
0 0.29058823529411765 0.495 0.19294117647058823 0.022727272727272728
0 0.6894117647058824 0.7386363636363636 0.4435294117647059 0.022727272727272728
0 0.6894117647058824 0.495 0.4435294117647059 0.022727272727272728
0 0.29058823529411765 0.7386363636363636 0.19294117647058823 0.022727272727272728
0 0.29058823529411765 0.37318181818181817 0.19294117647058823 0.022727272727272728
0 0.6894117647058824 0.6168181818181818 0.4435294117647059 0.022727272727272728
