0 0.28842869342442357 0.7272178636089318 0.0269000853970965 0.024140012070006035
0 0.28885567890691716 0.23083886541943271 0.0269000853970965 0.024743512371756187
0 0.3223740392826644 0.12824381412190705 0.025619128949615714 0.022329511164755584
0 0.3219470538001708 0.19493059746529873 0.025619128949615714 0.024140012070006035
0 0.3223740392826644 0.7263126131563066 0.026473099914602904 0.024743512371756187
0 0.9306148590947908 0.21031985515992757 0.0269000853970965 0.024743512371756187
0 0.28885567890691716 0.4287869643934822 0.0269000853970965 0.023536511768255886
0 0.2886421861656704 0.1632468316234158 0.026473099914602904 0.023536511768255886
0 0.9639197267292912 0.21062160531080265 0.02519214346712212 0.024140012070006035
0 0.32216054654141757 0.23083886541943271 0.02519214346712212 0.023536511768255886
0 0.9301878736122972 0.0908267954133977 0.0269000853970965 0.023536511768255886
0 0.2886421861656704 0.19704284852142426 0.027327070879590094 0.024743512371756187
0 0.9634927412467976 0.09052504526252263 0.02519214346712212 0.024140012070006035
0 0.32258753202391116 0.16113458056729027 0.02519214346712212 0.024140012070006035
0 0.28778821520068315 0.12824381412190705 0.025619128949615714 0.02112251056125528
0 0.322801024765158 0.4284852142426071 0.026473099914602904 0.024140012070006035
