0 0.7891176470588235 0.3534090909090909 0.19 0.013181818181818182
0 0.5641176470588235 0.3534090909090909 0.2 0.013181818181818182
0 0.7111764705882353 0.3809090909090909 0.49411764705882355 0.02
0 0.5235294117647059 0.6504545454545455 0.7505882352941177 0.025454545454545455
0 0.5605882352941176 0.9006818181818181 0.4388235294117647 0.013181818181818182
0 0.10705882352941176 0.9006818181818181 0.10941176470588235 0.013181818181818182
0 0.8547058823529412 0.03727272727272727 0.18 0.017272727272727273
0 0.2485294117647059 0.9006818181818181 0.1323529411764706 0.013181818181818182
0 0.6408823529411765 0.03727272727272727 0.17705882352941177 0.017272727272727273
0 0.43529411764705883 0.03727272727272727 0.15294117647058825 0.017272727272727273
0 0.12441176470588235 0.09386363636363636 0.14411764705882352 0.015
0 0.30823529411764705 0.09386363636363636 0.14588235294117646 0.015
0 0.09205882352941176 0.03727272727272727 0.09 0.017272727272727273
0 0.2952941176470588 0.6761363636363636 0.29411764705882354 0.02590909090909091
0 0.24794117647058825 0.03727272727272727 0.14294117647058824 0.017272727272727273
