0 0.48323529411764704 0.6263636363636363 0.7323529411764705 0.013636363636363636
0 0.48264705882352943 0.49818181818181817 0.7323529411764705 0.014545454545454545
0 0.46088235294117647 0.38727272727272727 0.6888235294117647 0.046363636363636364
0 0.48176470588235293 0.69 0.7329411764705882 0.015454545454545455
0 0.4588235294117647 0.3547727272727273 0.6847058823529412 0.015
0 0.48294117647058826 0.7068181818181818 0.731764705882353 0.013636363636363636
0 0.48294117647058826 0.6020454545454546 0.7329411764705882 0.030454545454545453
0 0.48294117647058826 0.5304545454545454 0.731764705882353 0.01818181818181818
0 0.48264705882352943 0.5134090909090909 0.7323529411764705 0.01681818181818182
0 0.4808823529411765 0.7618181818181818 0.7276470588235294 0.03272727272727273
0 0.48264705882352943 0.5779545454545455 0.7347058823529412 0.014090909090909091
0 0.2926470588235294 0.3386363636363636 0.3488235294117647 0.012727272727272728
