0 0.4076470588235294 0.7302272727272727 0.042352941176470586 0.012272727272727272
0 0.135 0.35045454545454546 0.12058823529411765 0.013636363636363636
0 0.8808823529411764 0.15113636363636362 0.13588235294117648 0.028636363636363637
0 0.4047058823529412 0.8947727272727273 0.03764705882352941 0.012272727272727272
0 0.4052941176470588 0.5411363636363636 0.036470588235294116 0.012272727272727272
0 0.43117647058823527 0.6370454545454546 0.08941176470588236 0.012272727272727272
0 0.42676470588235293 0.44795454545454544 0.07941176470588235 0.012272727272727272
0 0.4047058823529412 0.7188636363636364 0.03764705882352941 0.012272727272727272
0 0.13441176470588234 0.3347727272727273 0.11705882352941177 0.014090909090909091
0 0.4076470588235294 0.5525 0.042352941176470586 0.012272727272727272
0 0.4211764705882353 0.6484090909090909 0.06941176470588235 0.012272727272727272
0 0.4214705882352941 0.8243181818181818 0.0688235294117647 0.012272727272727272
0 0.42705882352941177 0.6256818181818182 0.08 0.012272727272727272
0 0.42705882352941177 0.8015909090909091 0.08 0.012272727272727272
0 0.4076470588235294 0.9061363636363636 0.042352941176470586 0.012272727272727272
0 0.4314705882352941 0.4593181818181818 0.0888235294117647 0.012272727272727272
0 0.4214705882352941 0.4706818181818182 0.0688235294117647 0.012272727272727272
0 0.4308823529411765 0.8129545454545455 0.09 0.012272727272727272
