0 0.4894117647058824 0.8263636363636364 0.04352941176470588 0.014545454545454545
0 0.16411764705882353 0.8263636363636364 0.05529411764705883 0.014545454545454545
0 0.6182352941176471 0.6177272727272727 0.08 0.014545454545454545
0 0.27147058823529413 0.8263636363636364 0.07823529411764706 0.014545454545454545
0 0.1476470588235294 0.24454545454545454 0.08352941176470588 0.016363636363636365
0 0.4852941176470588 0.6177272727272727 0.06823529411764706 0.014545454545454545
0 0.5676470588235294 0.8263636363636364 0.03882352941176471 0.014545454545454545
0 0.3514705882352941 0.6177272727272727 0.09588235294117647 0.014545454545454545
0 0.7720588235294118 0.6177272727272727 0.11 0.014545454545454545
0 0.2726470588235294 0.24454545454545454 0.08411764705882353 0.016363636363636365
