0 0.28058823529411764 0.7231818181818181 0.3658823529411765 0.016363636363636365
0 0.7602941176470588 0.1765909090909091 0.23588235294117646 0.015
0 0.3291176470588235 0.8597727272727272 0.42411764705882354 0.01681818181818182
0 0.2802941176470588 0.7413636363636363 0.3652941176470588 0.014545454545454545
0 0.26088235294117645 0.6875 0.3723529411764706 0.017727272727272727
0 0.4576470588235294 0.4425 0.7658823529411765 0.028636363636363637
0 0.18176470588235294 0.6140909090909091 0.11294117647058824 0.015454545454545455
0 0.31558823529411767 0.899090909090909 0.39705882352941174 0.04454545454545455
0 0.13470588235294118 0.5590909090909091 0.12 0.016363636363636365
0 0.13676470588235295 0.4672727272727273 0.12411764705882353 0.015454545454545455
0 0.43470588235294116 0.5777272727272728 0.72 0.016363636363636365
0 0.4908823529411765 0.6395454545454545 0.7311764705882353 0.028181818181818183
0 0.32235294117647056 0.7745454545454545 0.40705882352941175 0.03
0 0.32235294117647056 0.8204545454545454 0.40705882352941175 0.046363636363636364
0 0.45235294117647057 0.7045454545454546 0.7552941176470588 0.014545454545454545
