0 0.6102941176470589 0.8052272727272727 0.20529411764705882 0.02772727272727273
0 0.3458823529411765 0.49477272727272725 0.5129411764705882 0.017727272727272727
0 0.2726470588235294 0.5111363636363636 0.3664705882352941 0.01681818181818182
0 0.4026470588235294 0.8956818181818181 0.6288235294117647 0.01681818181818182
0 0.5670588235294117 0.7831818181818182 0.1188235294117647 0.017272727272727273
0 0.6102941176470589 0.7436363636363637 0.20529411764705882 0.02909090909090909
0 0.13588235294117648 0.9290909090909091 0.052941176470588235 0.016363636363636365
0 0.10735294117647058 0.8793181818181818 0.03823529411764706 0.017727272727272727
0 0.6102941176470589 0.6770454545454545 0.20529411764705882 0.028636363636363637
0 0.8820588235294118 0.17227272727272727 0.13705882352941176 0.031818181818181815
0 0.13264705882352942 0.9129545454545455 0.04647058823529412 0.017727272727272727
0 0.5670588235294117 0.7220454545454545 0.1188235294117647 0.01681818181818182
0 0.5670588235294117 0.6554545454545454 0.1188235294117647 0.017272727272727273
