0 0.5038235294117647 0.66 0.3205882352941177 0.01818181818181818
0 0.16117647058823528 0.66 0.2529411764705882 0.01818181818181818
0 0.44323529411764706 0.3513636363636364 0.19588235294117648 0.01818181818181818
0 0.18205882352941177 0.6781818181818182 0.29823529411764704 0.01818181818181818
0 0.4676470588235294 0.37318181818181817 0.8788235294117647 0.03
0 0.6129411764705882 0.6781818181818182 0.54 0.01818181818181818
0 0.4814705882352941 0.3593181818181818 0.8947058823529411 0.03409090909090909
0 0.4961764705882353 0.5188636363636364 0.9252941176470588 0.09772727272727273
0 0.6667647058823529 0.8281818181818181 0.5911764705882353 0.01818181818181818
0 0.5373529411764706 0.4254545454545455 0.29 0.01818181818181818
0 0.4894117647058824 0.7859090909090909 0.9105882352941177 0.06636363636363636
0 0.2788235294117647 0.4254545454545455 0.13529411764705881 0.01818181818181818
0 0.20852941176470588 0.8281818181818181 0.2911764705882353 0.01818181818181818
0 0.38941176470588235 0.36727272727272725 0.5352941176470588 0.01818181818181818
