0 0.4672937152629329 0.1568923821039903 0.07524583155194528 0.02962515114873035
0 0.46964514749893116 0.7324667472793228 0.03206498503634032 0.022370012091898428
0 0.8420265070542967 0.4585852478839178 0.07310816588285592 0.021160822249093107
0 0.652415562206071 0.15900846432889965 0.0735356990166738 0.02418379685610641
0 0.9091492090637024 0.7651148730350665 0.02864471996579735 0.02357920193470375
0 0.09940145361265498 0.15840386940749698 0.0645575032064985 0.02418379685610641
0 0.6549807610089782 0.7642079806529625 0.034202650705429674 0.022974607013301087
0 0.4662248824283882 0.46009673518742444 0.07652843095339888 0.026602176541717048
0 0.27896536981616077 0.7324667472793228 0.10902094912355707 0.02720677146311971
0 0.9388627618640445 0.156590084643289 0.07524583155194528 0.03385731559854897
0 0.3745190252244549 0.4579806529625151 0.07182556648140231 0.022370012091898428
0 0.09811885421120137 0.4585852478839178 0.06284737067122702 0.021160822249093107
0 0.07460453185121847 0.09310761789600967 0.0867892261650278 0.02418379685610641
0 0.9365113296280462 0.4616082224909311 0.07738349722103463 0.035671100362756954
0 0.5617785378366823 0.4610036275695284 0.07695596408721676 0.024788391777509067
0 0.9097905087644292 0.7327690447400241 0.030782385634886705 0.02176541717049577
0 0.6534843950406156 0.45979443772672307 0.07225309961522018 0.021160822249093107
0 0.6934587430525866 0.7651148730350665 0.02907225309961522 0.024788391777509067
0 0.2804617357845233 0.15810157194679564 0.07866609662248825 0.02962515114873035
0 0.6928174433518598 0.7315598548972189 0.031209918768704575 0.02418379685610641
0 0.5602821718683197 0.15900846432889965 0.07652843095339888 0.026602176541717048
0 0.37302265925609235 0.15749697702539298 0.0748182984181274 0.03083434099153567
0 0.5044890979050877 0.7312575574365175 0.030782385634886705 0.02357920193470375
0 0.6554082941427961 0.7324667472793228 0.030782385634886705 0.022370012091898428
0 0.7466866182129115 0.15779927448609432 0.07652843095339888 0.026602176541717048
0 0.2823856348867037 0.46009673518742444 0.07567336468576315 0.026602176541717048
0 0.18661821291150063 0.4588875453446191 0.0748182984181274 0.02418379685610641
0 0.06434373663958957 0.7315598548972189 0.0705429670799487 0.02418379685610641
0 0.7464728516460025 0.46039903264812576 0.07695596408721676 0.024788391777509067
0 0.8747327917913639 0.7651148730350665 0.032492518170158184 0.01995163240628779
0 0.18554938007695596 0.15779927448609432 0.08037622915775973 0.026602176541717048
0 0.8424540401881145 0.1587061668681983 0.07738349722103463 0.02357920193470375
0 0.8747327917913639 0.7333736396614269 0.02821718683197948 0.02418379685610641
0 0.19067977768277042 0.09371221281741234 0.1145788798631894 0.02418379685610641
0 0.16695168875587857 0.7315598548972189 0.10047028644719966 0.02418379685610641
