0 0.2591176470588235 0.4459090909090909 0.3652941176470588 0.016363636363636365
0 0.20352941176470588 0.48363636363636364 0.2541176470588235 0.016363636363636365
0 0.41205882352941176 0.5518181818181818 0.6711764705882353 0.016363636363636365
0 0.3085294117647059 0.5672727272727273 0.4641176470588235 0.016363636363636365
0 0.17 0.4309090909090909 0.18705882352941178 0.016363636363636365
0 0.3714705882352941 0.7020454545454545 0.12176470588235294 0.020454545454545454
0 0.5023529411764706 0.7011363636363637 0.07647058823529412 0.020454545454545454
0 0.6105882352941177 0.7493181818181818 0.10588235294117647 0.015
0 0.24441176470588236 0.5218181818181818 0.33588235294117647 0.016363636363636365
0 0.1673529411764706 0.5368181818181819 0.18176470588235294 0.016363636363636365
0 0.61 0.7038636363636364 0.10588235294117647 0.015
0 0.3714705882352941 0.7470454545454546 0.12176470588235294 0.020454545454545454
0 0.5005882352941177 0.7470454545454546 0.07647058823529412 0.020454545454545454
