0 0.6923529411764706 0.24454545454545454 0.3270588235294118 0.023636363636363636
0 0.49264705882352944 0.5111363636363636 0.8970588235294118 0.060454545454545455
0 0.6464705882352941 0.36068181818181816 0.1635294117647059 0.01681818181818182
0 0.09235294117647058 0.6202272727272727 0.09647058823529411 0.01681818181818182
0 0.30676470588235294 0.1343181818181818 0.4535294117647059 0.01681818181818182
0 0.13941176470588235 0.2025 0.1388235294117647 0.01681818181818182
0 0.4582352941176471 0.21 0.8282352941176471 0.04727272727272727
0 0.49176470588235294 0.37545454545454543 0.8964705882352941 0.046363636363636364
0 0.31676470588235295 0.36068181818181816 0.4711764705882353 0.01681818181818182
0 0.5976470588235294 0.1343181818181818 0.10941176470588235 0.01681818181818182
0 0.79 0.5740909090909091 0.14352941176470588 0.025454545454545455
0 0.5405882352941176 0.17977272727272728 0.11647058823529412 0.01681818181818182
0 0.8194117647058824 0.1343181818181818 0.11176470588235295 0.01681818181818182
0 0.27941176470588236 0.17977272727272728 0.18235294117647058 0.01681818181818182
0 0.5894117647058823 0.5740909090909091 0.12352941176470589 0.025454545454545455
0 0.49264705882352944 0.6422727272727272 0.8970588235294118 0.060909090909090906
0 0.43441176470588233 0.2934090909090909 0.7805882352941177 0.01681818181818182
0 0.7082352941176471 0.1343181818181818 0.09294117647058824 0.01681818181818182
0 0.3247058823529412 0.2706818181818182 0.5611764705882353 0.01681818181818182
0 0.2817647058823529 0.24795454545454546 0.4752941176470588 0.01681818181818182
0 0.12970588235294117 0.17977272727272728 0.09941176470588235 0.01681818181818182
0 0.4264705882352941 0.17977272727272728 0.09294117647058824 0.01681818181818182
