0 0.6369407496977025 0.6703719538264216 0.058645707376058044 0.01881145788798632
0 0.8007859733978234 0.6515604959384352 0.15296251511487305 0.03591278324070116
0 0.8328295042321644 0.3753740914920906 0.21704957678355502 0.03591278324070116
0 0.8328295042321644 0.7618640444634459 0.21463119709794437 0.05301410859341599
0 0.6354292623941958 0.3394613082513895 0.06166868198307134 0.01881145788798632
0 0.8334340991535671 0.7067122702009405 0.2158403869407497 0.03591278324070116
0 0.7998790810157195 0.32043608379649424 0.154776299879081 0.036340316374519024
0 0.8334340991535671 0.4307396323215049 0.2158403869407497 0.049166310389055154
0 0.6387545344619106 0.28366823428815735 0.06831922611850061 0.020094057289439932
0 0.6396614268440145 0.6152201795639162 0.06650544135429262 0.01881145788798632
0 0.7992744860943168 0.8174433518597691 0.15114873035066506 0.035057716973065416
0 0.8322249093107618 0.5964087216759298 0.2158403869407497 0.03591278324070116
0 0.8319226118500604 0.26464300983326206 0.21644498186215236 0.0367678495083369
