0 0.08323529411764706 0.5529545454545455 0.04294117647058823 0.011363636363636364
0 0.20529411764705882 0.6284090909090909 0.24823529411764705 0.011363636363636364
0 0.13676470588235295 0.5984090909090909 0.039411764705882354 0.011363636363636364
0 0.13676470588235295 0.7879545454545455 0.039411764705882354 0.011363636363636364
0 0.13676470588235295 0.8334090909090909 0.039411764705882354 0.011363636363636364
0 0.11470588235294117 0.8634090909090909 0.06705882352941177 0.011363636363636364
0 0.08205882352941177 0.4238636363636364 0.04058823529411765 0.011363636363636364
0 0.5108823529411765 0.7497727272727273 0.8594117647058823 0.015
0 0.2073529411764706 0.6438636363636364 0.2523529411764706 0.011363636363636364
0 0.0826470588235294 0.5984090909090909 0.04176470588235294 0.011363636363636364
0 0.09 0.5061363636363636 0.05647058823529412 0.011363636363636364
0 0.2585294117647059 0.5061363636363636 0.11352941176470588 0.011363636363636364
0 0.255 0.8784090909090909 0.2688235294117647 0.011363636363636364
0 0.2538235294117647 0.7193181818181819 0.3452941176470588 0.011363636363636364
0 0.0838235294117647 0.31795454545454543 0.04411764705882353 0.011363636363636364
0 0.1388235294117647 0.31795454545454543 0.036470588235294116 0.011363636363636364
0 0.08323529411764706 0.39386363636363636 0.04294117647058823 0.011363636363636364
0 0.12264705882352941 0.6738636363636363 0.08294117647058824 0.011363636363636364
0 0.22411764705882353 0.8938636363636364 0.20705882352941177 0.011363636363636364
0 0.0826470588235294 0.8334090909090909 0.04176470588235294 0.011363636363636364
0 0.1826470588235294 0.9415909090909091 0.20294117647058824 0.011363636363636364
0 0.2214705882352941 0.7347727272727272 0.28058823529411764 0.011363636363636364
0 0.13529411764705881 0.4238636363636364 0.036470588235294116 0.011363636363636364
0 0.3305882352941176 0.6590909090909091 0.4988235294117647 0.011818181818181818
0 0.1723529411764706 0.7043181818181818 0.18235294117647058 0.011363636363636364
0 0.15529411764705883 0.5061363636363636 0.04941176470588235 0.011363636363636364
0 0.0826470588235294 0.7879545454545455 0.04176470588235294 0.011363636363636364
0 0.42205882352941176 0.9088636363636363 0.6029411764705882 0.011363636363636364
0 0.1585294117647059 0.6893181818181818 0.15470588235294117 0.011363636363636364
0 0.3285294117647059 0.9229545454545455 0.49470588235294116 0.012272727272727272
0 0.13676470588235295 0.39386363636363636 0.039411764705882354 0.011363636363636364
0 0.13794117647058823 0.5529545454545455 0.039411764705882354 0.011363636363636364
