0 0.30823529411764705 0.37477272727272726 0.23411764705882354 0.011363636363636364
0 0.4988235294117647 0.7538636363636364 0.8705882352941177 0.019545454545454546
0 0.4864705882352941 0.7031818181818181 0.8458823529411764 0.031818181818181815
0 0.08705882352941176 0.21568181818181817 0.047058823529411764 0.011363636363636364
0 0.15294117647058825 0.37477272727272726 0.041176470588235294 0.011363636363636364
0 0.15294117647058825 0.21568181818181817 0.041176470588235294 0.011363636363636364
0 0.25176470588235295 0.2534090909090909 0.12117647058823529 0.011363636363636364
0 0.08705882352941176 0.37477272727272726 0.047058823529411764 0.011363636363636364
0 0.08705882352941176 0.2534090909090909 0.047058823529411764 0.011363636363636364
0 0.21441176470588236 0.7761363636363636 0.30176470588235293 0.011363636363636364
0 0.08705882352941176 0.8293181818181818 0.047058823529411764 0.011363636363636364
0 0.15294117647058825 0.4656818181818182 0.041176470588235294 0.011363636363636364
0 0.25176470588235295 0.4656818181818182 0.12117647058823529 0.011363636363636364
0 0.49470588235294116 0.6402272727272728 0.8623529411764705 0.019545454545454546
0 0.49823529411764705 0.6706818181818182 0.8694117647058823 0.019545454545454546
0 0.15294117647058825 0.2534090909090909 0.041176470588235294 0.011363636363636364
0 0.15294117647058825 0.8293181818181818 0.041176470588235294 0.011363636363636364
0 0.08705882352941176 0.4656818181818182 0.047058823529411764 0.011363636363636364
0 0.3561764705882353 0.8293181818181818 0.33 0.011363636363636364
0 0.17411764705882352 0.6170454545454546 0.2211764705882353 0.011363636363636364
0 0.3338235294117647 0.7306818181818182 0.5405882352941176 0.011363636363636364
