0 0.24029411764705882 0.6979545454545455 0.41 0.019545454545454546
0 0.683235294117647 0.19295454545454546 0.2464705882352941 0.019545454545454546
0 0.22323529411764706 0.5934090909090909 0.37941176470588234 0.019545454545454546
0 0.5823529411764706 0.5934090909090909 0.041176470588235294 0.019545454545454546
0 0.5814705882352941 0.5586363636363636 0.04294117647058823 0.02
0 0.2520588235294118 0.7679545454545454 0.4323529411764706 0.019545454545454546
0 0.26235294117647057 0.7156818181818182 0.4541176470588235 0.019545454545454546
0 0.26941176470588235 0.6809090909090909 0.4682352941176471 0.02
0 0.26323529411764707 0.7329545454545454 0.45588235294117646 0.019545454545454546
0 0.6867647058823529 0.31477272727272726 0.25470588235294117 0.019545454545454546
0 0.5820588235294117 0.5761363636363637 0.04176470588235294 0.019545454545454546
0 0.5341176470588235 0.5761363636363637 0.05058823529411765 0.019545454545454546
0 0.5341176470588235 0.6111363636363636 0.05058823529411765 0.019545454545454546
0 0.5338235294117647 0.5934090909090909 0.051176470588235295 0.019545454545454546
0 0.6855882352941176 0.3497727272727273 0.2523529411764706 0.019545454545454546
0 0.6835294117647058 0.24522727272727274 0.24705882352941178 0.019545454545454546
0 0.2097058823529412 0.5761363636363637 0.3547058823529412 0.019545454545454546
0 0.2541176470588235 0.7502272727272727 0.43411764705882355 0.019545454545454546
0 0.2338235294117647 0.663409090909091 0.40058823529411763 0.019545454545454546
0 0.5814705882352941 0.6111363636363636 0.04294117647058823 0.019545454545454546
0 0.6852941176470588 0.36704545454545456 0.25058823529411767 0.019545454545454546
0 0.22823529411764706 0.6111363636363636 0.38823529411764707 0.019545454545454546
0 0.20794117647058824 0.5586363636363636 0.3511764705882353 0.02
0 0.5329411764705883 0.5588636363636363 0.052941176470588235 0.019545454545454546
0 0.6858823529411765 0.33204545454545453 0.25529411764705884 0.019545454545454546
0 0.6823529411764706 0.21022727272727273 0.24588235294117647 0.019545454545454546
0 0.2388235294117647 0.6459090909090909 0.40941176470588236 0.02
0 0.14647058823529413 0.6284090909090909 0.22588235294117648 0.019545454545454546
0 0.6841176470588235 0.2275 0.24823529411764705 0.019545454545454546
