0 0.11647058823529412 0.34204545454545454 0.14823529411764705 0.011363636363636364
0 0.07235294117647059 0.37227272727272726 0.06 0.01090909090909091
0 0.6914705882352942 0.20204545454545456 0.06294117647058824 0.019545454545454546
0 0.4970588235294118 0.28136363636363637 0.28352941176470586 0.01090909090909091
0 0.07205882352941176 0.29659090909090907 0.05941176470588235 0.011363636363636364
0 0.6758823529411765 0.28113636363636363 0.04941176470588235 0.011363636363636364
0 0.40058823529411763 0.34545454545454546 0.09058823529411765 0.01090909090909091
0 0.3841176470588235 0.2968181818181818 0.05764705882352941 0.01090909090909091
0 0.07294117647058823 0.2815909090909091 0.0611764705882353 0.011363636363636364
0 0.08852941176470588 0.31136363636363634 0.09235294117647058 0.01090909090909091
0 0.793235294117647 0.20204545454545456 0.0711764705882353 0.019545454545454546
0 0.7614705882352941 0.29613636363636364 0.22058823529411764 0.011363636363636364
0 0.8885294117647059 0.24431818181818182 0.07470588235294118 0.012272727272727272
0 0.10852941176470589 0.3568181818181818 0.1323529411764706 0.01090909090909091
0 0.38058823529411767 0.3118181818181818 0.05058823529411765 0.01090909090909091
0 0.44088235294117645 0.36818181818181817 0.1711764705882353 0.01090909090909091
0 0.7855882352941177 0.24431818181818182 0.05588235294117647 0.012272727272727272
0 0.6985294117647058 0.24431818181818182 0.07705882352941176 0.012272727272727272
