0 0.10235294117647059 0.7793181818181818 0.09058823529411765 0.012272727272727272
0 0.08852941176470588 0.43022727272727274 0.060588235294117644 0.012272727272727272
0 0.14352941176470588 0.7956818181818182 0.17294117647058824 0.012272727272727272
0 0.8773529411764706 0.9229545454545455 0.10882352941176471 0.012272727272727272
0 0.09088235294117647 0.4525 0.06529411764705882 0.012272727272727272
0 0.18529411764705883 0.8125 0.2564705882352941 0.012272727272727272
0 0.8608823529411764 0.9038636363636363 0.07588235294117647 0.012272727272727272
0 0.7138235294117647 0.9038636363636363 0.1111764705882353 0.012272727272727272
0 0.21941176470588236 0.43022727272727274 0.041176470588235294 0.012272727272727272
0 0.4814705882352941 0.8127272727272727 0.2723529411764706 0.03
0 0.8038235294117647 0.9402272727272727 0.2911764705882353 0.020454545454545454
0 0.4808823529411765 0.7793181818181818 0.2711764705882353 0.012272727272727272
0 0.73 0.9229545454545455 0.14352941176470588 0.012272727272727272
0 0.2164705882352941 0.4525 0.03529411764705882 0.012272727272727272
0 0.42764705882352944 0.8652272727272727 0.03411764705882353 0.012272727272727272
0 0.21294117647058824 0.8661363636363636 0.31176470588235294 0.017727272727272727
