0 0.8761764705882353 0.2938636363636364 0.10882352941176471 0.012272727272727272
0 0.4285294117647059 0.2315909090909091 0.03588235294117647 0.012272727272727272
0 0.4814705882352941 0.48977272727272725 0.2723529411764706 0.030454545454545453
0 0.7285294117647059 0.6070454545454546 0.14411764705882352 0.012272727272727272
0 0.21323529411764705 0.5438636363636363 0.3111764705882353 0.017727272727272727
0 0.4808823529411765 0.1456818181818182 0.2711764705882353 0.012272727272727272
0 0.4285294117647059 0.5420454545454545 0.03588235294117647 0.012272727272727272
0 0.8597058823529412 0.2711363636363636 0.07588235294117647 0.012272727272727272
0 0.10264705882352941 0.4565909090909091 0.09 0.012272727272727272
0 0.1438235294117647 0.47295454545454546 0.1723529411764706 0.012272727272727272
0 0.7997058823529412 0.6465909090909091 0.28647058823529414 0.045909090909090906
0 0.21323529411764705 0.2315909090909091 0.3111764705882353 0.017727272727272727
0 0.18558823529411764 0.4893181818181818 0.25588235294117645 0.012272727272727272
0 0.7123529411764706 0.2711363636363636 0.11176470588235295 0.012272727272727272
0 0.8597058823529412 0.5843181818181818 0.07588235294117647 0.012272727272727272
0 0.4814705882352941 0.17909090909090908 0.2723529411764706 0.03
0 0.4808823529411765 0.4565909090909091 0.2711764705882353 0.012272727272727272
0 0.1438235294117647 0.1625 0.1723529411764706 0.012272727272727272
0 0.18558823529411764 0.17886363636363636 0.25588235294117645 0.012272727272727272
0 0.7997058823529412 0.33136363636363636 0.28647058823529414 0.04181818181818182
0 0.7123529411764706 0.5843181818181818 0.11176470588235295 0.012272727272727272
0 0.8761764705882353 0.6070454545454546 0.10882352941176471 0.012272727272727272
0 0.10264705882352941 0.1456818181818182 0.09 0.012272727272727272
0 0.7285294117647059 0.2938636363636364 0.14411764705882352 0.012272727272727272
