0 0.1538235294117647 0.7361363636363636 0.039411764705882354 0.012272727272727272
0 0.35764705882352943 0.8920454545454546 0.6058823529411764 0.012272727272727272
0 0.15470588235294117 0.5640909090909091 0.03882352941176471 0.012727272727272728
0 0.22323529411764706 0.8177272727272727 0.33705882352941174 0.012727272727272728
0 0.18970588235294117 0.3184090909090909 0.06764705882352941 0.012272727272727272
0 0.4738235294117647 0.8438636363636364 0.8382352941176471 0.015909090909090907
0 0.10058823529411764 0.3184090909090909 0.052941176470588235 0.012272727272727272
0 0.7476470588235294 0.5640909090909091 0.041176470588235294 0.012727272727272728
0 0.0961764705882353 0.5638636363636363 0.04411764705882353 0.012272727272727272
0 0.09029411764705883 0.35295454545454547 0.05235294117647059 0.012272727272727272
0 0.09470588235294118 0.7361363636363636 0.04470588235294118 0.012272727272727272
0 0.22176470588235295 0.35295454545454547 0.1388235294117647 0.012272727272727272
0 0.19705882352941176 0.3725 0.08941176470588236 0.012272727272727272
0 0.2288235294117647 0.8665909090909091 0.34823529411764703 0.014090909090909091
0 0.32941176470588235 0.35295454545454547 0.05764705882352941 0.012272727272727272
0 0.4738235294117647 0.5640909090909091 0.04058823529411765 0.012727272727272728
0 0.4138235294117647 0.5638636363636363 0.045294117647058825 0.012272727272727272
0 0.10235294117647059 0.7790909090909091 0.04470588235294118 0.012727272727272728
0 0.3585294117647059 0.3725 0.11588235294117646 0.012272727272727272
0 0.08941176470588236 0.9406818181818182 0.07176470588235294 0.012272727272727272
0 0.16147058823529412 0.7790909090909091 0.04058823529411765 0.012727272727272728
0 0.6847058823529412 0.5638636363636363 0.04823529411764706 0.012272727272727272
0 0.3255882352941176 0.9197727272727273 0.5441176470588235 0.015909090909090907
0 0.1 0.3725 0.07176470588235294 0.012272727272727272
