0 0.16411764705882353 0.3881818181818182 0.2211764705882353 0.01090909090909091
0 0.7920588235294118 0.49613636363636365 0.24294117647058824 0.018636363636363635
0 0.48205882352941176 0.4636363636363636 0.18411764705882352 0.01
0 0.7867647058823529 0.4177272727272727 0.2664705882352941 0.012727272727272728
0 0.46147058823529413 0.53 0.14176470588235293 0.01090909090909091
0 0.13852941176470587 0.4636363636363636 0.1688235294117647 0.01
0 0.18764705882352942 0.4209090909090909 0.26823529411764707 0.019090909090909092
0 0.775 0.3906818181818182 0.24294117647058824 0.019545454545454546
0 0.19970588235294118 0.53 0.2911764705882353 0.01090909090909091
0 0.4988235294117647 0.4968181818181818 0.21764705882352942 0.02
0 0.79 0.4636363636363636 0.24 0.01
0 0.19176470588235295 0.885 0.06941176470588235 0.01
0 0.48264705882352943 0.3906818181818182 0.29470588235294115 0.019545454545454546
0 0.13088235294117648 0.4918181818181818 0.1535294117647059 0.01
0 0.1 0.885 0.08470588235294117 0.01
0 0.45647058823529413 0.4209090909090909 0.24235294117647058 0.019090909090909092
