0 0.17676470588235293 0.21931818181818183 0.23352941176470587 0.011363636363636364
0 0.12058823529411765 0.08295454545454546 0.12117647058823529 0.011363636363636364
0 0.4329411764705882 0.17386363636363636 0.11764705882352941 0.011363636363636364
0 0.17294117647058824 0.06795454545454545 0.22588235294117648 0.011363636363636364
0 0.2661764705882353 0.5225 0.2747058823529412 0.011363636363636364
0 0.6667647058823529 0.5602272727272727 0.09588235294117647 0.011363636363636364
0 0.7967647058823529 0.8029545454545455 0.12058823529411765 0.011363636363636364
0 0.4323529411764706 0.20431818181818182 0.1952941176470588 0.011363636363636364
0 0.3870588235294118 0.5602272727272727 0.08470588235294117 0.011363636363636364
0 0.30823529411764705 0.17386363636363636 0.10352941176470588 0.011363636363636364
0 0.3558823529411765 0.4690909090909091 0.4541176470588235 0.01090909090909091
0 0.675 0.8029545454545455 0.09235294117647058 0.011363636363636364
0 0.08529411764705883 0.5225 0.05058823529411765 0.011363636363636364
0 0.23647058823529413 0.7193181818181819 0.21529411764705883 0.011363636363636364
0 0.19147058823529411 0.12090909090909091 0.26294117647058823 0.01090909090909091
0 0.19411764705882353 0.17386363636363636 0.09176470588235294 0.011363636363636364
0 0.40205882352941175 0.08295454545454546 0.17352941176470588 0.011363636363636364
0 0.12941176470588237 0.20431818181818182 0.1388235294117647 0.011363636363636364
0 0.09029411764705883 0.5602272727272727 0.060588235294117644 0.011363636363636364
0 0.4823529411764706 0.5602272727272727 0.08 0.011363636363636364
0 0.27794117647058825 0.5602272727272727 0.10176470588235294 0.011363636363636364
0 0.48823529411764705 0.12090909090909091 0.28705882352941176 0.01090909090909091
0 0.09470588235294118 0.17386363636363636 0.06941176470588235 0.011363636363636364
0 0.6429411764705882 0.08295454545454546 0.20470588235294118 0.011363636363636364
0 0.43676470588235294 0.13613636363636364 0.18411764705882352 0.011363636363636364
0 0.17029411764705882 0.5602272727272727 0.06294117647058824 0.011363636363636364
0 0.08529411764705883 0.7193181818181819 0.05058823529411765 0.011363636363636364
0 0.38323529411764706 0.06795454545454545 0.13588235294117648 0.011363636363636364
0 0.08529411764705883 0.4690909090909091 0.05058823529411765 0.01090909090909091
0 0.45235294117647057 0.21931818181818183 0.23529411764705882 0.011363636363636364
0 0.7858823529411765 0.5602272727272727 0.07882352941176471 0.011363636363636364
0 0.17823529411764705 0.13613636363636364 0.23647058823529413 0.011363636363636364
0 0.6111764705882353 0.06795454545454545 0.1411764705882353 0.011363636363636364
