0 0.5117647058823529 0.6529545454545455 0.23529411764705882 0.012272727272727272
0 0.43441176470588233 0.8281818181818181 0.09 0.013636363636363636
0 0.7244117647058823 0.7052272727272727 0.12411764705882353 0.012272727272727272
0 0.8544117647058823 0.5025 0.1511764705882353 0.012272727272727272
0 0.3826470588235294 0.08568181818181818 0.04176470588235294 0.012272727272727272
0 0.8405882352941176 0.45545454545454545 0.12352941176470589 0.015454545454545455
0 0.6676470588235294 0.4552272727272727 0.10823529411764705 0.012272727272727272
0 0.13 0.6720454545454545 0.18705882352941178 0.012272727272727272
0 0.4420588235294118 0.08568181818181818 0.04294117647058823 0.012272727272727272
0 0.09294117647058824 0.45636363636363636 0.10470588235294118 0.012727272727272728
0 0.10323529411764706 0.6893181818181818 0.13352941176470587 0.012272727272727272
0 0.11147058823529411 0.7225 0.15 0.012272727272727272
0 0.11911764705882352 0.8279545454545455 0.1652941176470588 0.014090909090909091
0 0.46911764705882353 0.6865909090909091 0.15941176470588236 0.013181818181818182
0 0.47058823529411764 0.8459090909090909 0.1623529411764706 0.012727272727272728
0 0.7423529411764705 0.7843181818181818 0.16 0.012272727272727272
0 0.5326470588235294 0.5002272727272727 0.1264705882352941 0.012272727272727272
0 0.5285294117647059 0.8809090909090909 0.2782352941176471 0.014545454545454545
0 0.7229411764705882 0.8234090909090909 0.12117647058823529 0.014090909090909091
0 0.0826470588235294 0.7570454545454546 0.09235294117647058 0.014090909090909091
0 0.3197058823529412 0.5020454545454546 0.15235294117647058 0.013181818181818182
0 0.6794117647058824 0.47704545454545455 0.13176470588235295 0.012272727272727272
0 0.12294117647058823 0.6552272727272728 0.17294117647058824 0.014090909090909091
0 0.5220588235294118 0.08704545454545455 0.09470588235294118 0.020454545454545454
0 0.13647058823529412 0.34386363636363637 0.041176470588235294 0.012272727272727272
0 0.5579411764705883 0.9102272727272728 0.0488235294117647 0.012272727272727272
0 0.6388235294117647 0.9106818181818181 0.06352941176470588 0.012272727272727272
0 0.8305882352941176 0.48727272727272725 0.10352941176470588 0.012727272727272728
0 0.4673529411764706 0.7943181818181818 0.15588235294117647 0.012272727272727272
0 0.7179411764705882 0.7252272727272727 0.1111764705882353 0.012272727272727272
0 0.5147058823529411 0.7040909090909091 0.25058823529411767 0.013636363636363636
0 0.10852941176470589 0.706590909090909 0.14411764705882352 0.012272727272727272
0 0.5211764705882352 0.4775 0.10352941176470588 0.012272727272727272
0 0.13911764705882354 0.8461363636363637 0.20529411764705882 0.012272727272727272
0 0.24558823529411763 0.9427272727272727 0.08176470588235295 0.016363636363636365
0 0.4511764705882353 0.6706818181818182 0.12352941176470589 0.012272727272727272
0 0.07411764705882352 0.34295454545454546 0.04588235294117647 0.012272727272727272
0 0.17823529411764705 0.8629545454545454 0.28352941176470586 0.018636363636363635
0 0.11470588235294117 0.9431818181818182 0.1635294117647059 0.02181818181818182
0 0.5091176470588236 0.7761363636363636 0.23941176470588235 0.012272727272727272
0 0.14823529411764705 0.7929545454545455 0.2235294117647059 0.013181818181818182
0 0.5161764705882353 0.4525 0.09352941176470589 0.014090909090909091
0 0.8414705882352941 0.4715909090909091 0.12529411764705883 0.013181818181818182
0 0.145 0.81 0.21705882352941178 0.014545454545454545
0 0.12588235294117647 0.4775 0.17058823529411765 0.014090909090909091
0 0.47411764705882353 0.6361363636363636 0.16941176470588235 0.012272727272727272
0 0.10205882352941177 0.775 0.13117647058823528 0.013636363636363636
0 0.7405882352941177 0.7643181818181818 0.1564705882352941 0.012272727272727272
0 0.34352941176470586 0.4527272727272727 0.2 0.013636363636363636
0 0.49823529411764705 0.9429545454545455 0.08 0.012272727272727272
0 0.10176470588235294 0.6375 0.13058823529411764 0.013181818181818182
0 0.47352941176470587 0.7588636363636364 0.16823529411764707 0.012272727272727272
0 0.9111764705882353 0.9431818181818182 0.10352941176470588 0.02181818181818182
0 0.5005882352941177 0.8109090909090909 0.2223529411764706 0.012727272727272728
0 0.7261764705882353 0.8431818181818181 0.12764705882352942 0.015454545454545455
0 0.4802941176470588 0.8634090909090909 0.18176470588235294 0.013181818181818182
0 0.8002941176470588 0.9431818181818182 0.09235294117647058 0.02181818181818182
0 0.6755882352941176 0.49977272727272726 0.12411764705882353 0.012272727272727272
0 0.11588235294117646 0.7395454545454545 0.1588235294117647 0.013636363636363636
0 0.36764705882352944 0.9431818181818182 0.14705882352941177 0.02181818181818182
0 0.6470588235294118 0.9431818181818182 0.16117647058823528 0.02181818181818182
0 0.4835294117647059 0.7220454545454545 0.18823529411764706 0.013181818181818182
0 0.72 0.7452272727272727 0.11529411764705882 0.012272727272727272
0 0.11852941176470588 0.49886363636363634 0.15588235294117647 0.012272727272727272
0 0.3452941176470588 0.4793181818181818 0.20352941176470588 0.013181818181818182
0 0.46911764705882353 0.7395454545454545 0.15941176470588236 0.013636363636363636
0 0.7614705882352941 0.8038636363636363 0.19823529411764707 0.013181818181818182
