0 0.36 0.8579545454545454 0.2011764705882353 0.020454545454545454
0 0.13205882352941176 0.8865909090909091 0.17352941176470588 0.021363636363636362
0 0.3508823529411765 0.43795454545454543 0.03235294117647059 0.014090909090909091
0 0.13823529411764707 0.8275 0.18588235294117647 0.020454545454545454
0 0.33676470588235297 0.8272727272727273 0.15470588235294117 0.02
0 0.7214705882352941 0.9259090909090909 0.4970588235294118 0.012727272727272728
0 0.34294117647058825 0.8863636363636364 0.16705882352941176 0.02090909090909091
0 0.5841176470588235 0.4693181818181818 0.17058823529411765 0.014090909090909091
0 0.4176470588235294 0.43795454545454543 0.04588235294117647 0.014090909090909091
0 0.5955882352941176 0.8756818181818182 0.24529411764705883 0.012272727272727272
0 0.2611764705882353 0.6395454545454545 0.4364705882352941 0.02181818181818182
0 0.7385294117647059 0.5911363636363637 0.45 0.042272727272727274
0 0.1538235294117647 0.46954545454545454 0.21705882352941178 0.014545454545454545
0 0.8441176470588235 0.8325 0.2447058823529412 0.030454545454545453
0 0.8241176470588235 0.4693181818181818 0.13647058823529412 0.014090909090909091
0 0.26735294117647057 0.5415909090909091 0.44882352941176473 0.05136363636363636
0 0.11823529411764706 0.8575 0.14588235294117646 0.020454545454545454
0 0.365 0.47113636363636363 0.12294117647058823 0.011363636363636364
0 0.7314705882352941 0.5413636363636364 0.43588235294117644 0.05090909090909091
0 0.27705882352941175 0.5909090909090909 0.4682352941176471 0.04181818181818182
0 0.5844117647058824 0.8325 0.22294117647058823 0.030454545454545453
0 0.7144117647058823 0.9031818181818182 0.48294117647058826 0.035454545454545454
