0 0.38058823529411767 0.7797727272727273 0.5941176470588235 0.011363636363636364
0 0.08735294117647059 0.46045454545454545 0.04764705882352941 0.01090909090909091
0 0.09176470588235294 0.09022727272727273 0.047058823529411764 0.011363636363636364
0 0.13558823529411765 0.8175 0.045294117647058825 0.011363636363636364
0 0.13647058823529412 0.5515909090909091 0.08705882352941176 0.011363636363636364
0 0.15058823529411763 0.18113636363636362 0.047058823529411764 0.011363636363636364
0 0.2741176470588235 0.5215909090909091 0.3623529411764706 0.011363636363636364
0 0.39705882352941174 0.8175 0.25529411764705884 0.011363636363636364
0 0.12941176470588237 0.20386363636363636 0.06352941176470588 0.011363636363636364
0 0.395 0.5061363636363636 0.6041176470588235 0.011363636363636364
0 0.14147058823529413 0.23386363636363636 0.08764705882352941 0.011363636363636364
0 0.6511764705882352 0.8175 0.21411764705882352 0.011363636363636364
0 0.13823529411764707 0.12022727272727272 0.0811764705882353 0.011363636363636364
0 0.15294117647058825 0.46045454545454545 0.041176470588235294 0.01090909090909091
0 0.13205882352941176 0.21886363636363637 0.0688235294117647 0.011363636363636364
0 0.14058823529411765 0.26431818181818184 0.08588235294117647 0.011363636363636364
0 0.5167647058823529 0.14295454545454545 0.8382352941176471 0.015
0 0.19176470588235295 0.5365909090909091 0.1976470588235294 0.011363636363636364
0 0.40176470588235297 0.16568181818181818 0.6082352941176471 0.011363636363636364
0 0.15294117647058825 0.7493181818181818 0.041176470588235294 0.011363636363636364
0 0.12411764705882353 0.32477272727272727 0.052941176470588235 0.011363636363636364
0 0.17147058823529412 0.5670454545454545 0.15705882352941178 0.011363636363636364
0 0.22970588235294118 0.49113636363636365 0.2735294117647059 0.011363636363636364
0 0.15764705882352942 0.09022727272727273 0.041176470588235294 0.011363636363636364
0 0.21764705882352942 0.8175 0.07294117647058823 0.011363636363636364
0 0.08735294117647059 0.7493181818181818 0.04764705882352941 0.011363636363636364
0 0.1323529411764706 0.24931818181818183 0.06941176470588235 0.011363636363636364
0 0.3952941176470588 0.7947727272727273 0.6235294117647059 0.011363636363636364
0 0.14088235294117646 0.2793181818181818 0.08647058823529412 0.011363636363636364
0 0.1476470588235294 0.5820454545454545 0.10941176470588235 0.011363636363636364
0 0.2164705882352941 0.18113636363636362 0.041176470588235294 0.011363636363636364
0 0.12117647058823529 0.5970454545454545 0.05647058823529412 0.011363636363636364
