0 0.5461764705882353 0.7411363636363636 0.06411764705882353 0.011363636363636364
0 0.1514705882352941 0.6956818181818182 0.039411764705882354 0.011363636363636364
0 0.2852941176470588 0.7561363636363636 0.05176470588235294 0.011363636363636364
0 0.2852941176470588 0.8320454545454545 0.05176470588235294 0.011363636363636364
0 0.44441176470588234 0.8620454545454546 0.07588235294117647 0.011363636363636364
0 0.44441176470588234 0.8165909090909091 0.07588235294117647 0.011363636363636364
0 0.5461764705882353 0.9229545454545455 0.06411764705882353 0.011363636363636364
0 0.2852941176470588 0.9229545454545455 0.05176470588235294 0.011363636363636364
0 0.2852941176470588 0.8165909090909091 0.05176470588235294 0.011363636363636364
0 0.3602941176470588 0.8320454545454545 0.045294117647058825 0.011363636363636364
0 0.5461764705882353 0.8620454545454546 0.06411764705882353 0.011363636363636364
0 0.44441176470588234 0.9229545454545455 0.07588235294117647 0.011363636363636364
0 0.44441176470588234 0.7711363636363636 0.07588235294117647 0.011363636363636364
0 0.3602941176470588 0.8620454545454546 0.045294117647058825 0.011363636363636364
0 0.2852941176470588 0.8620454545454546 0.05176470588235294 0.011363636363636364
0 0.44441176470588234 0.9075 0.07588235294117647 0.011363636363636364
0 0.2852941176470588 0.7711363636363636 0.05176470588235294 0.011363636363636364
0 0.5461764705882353 0.8320454545454545 0.06411764705882353 0.011363636363636364
0 0.5461764705882353 0.7865909090909091 0.06411764705882353 0.011363636363636364
0 0.3602941176470588 0.7865909090909091 0.045294117647058825 0.011363636363636364
0 0.44441176470588234 0.9379545454545455 0.07588235294117647 0.011363636363636364
0 0.3602941176470588 0.7711363636363636 0.045294117647058825 0.011363636363636364
0 0.44441176470588234 0.7411363636363636 0.07588235294117647 0.011363636363636364
0 0.3602941176470588 0.9229545454545455 0.045294117647058825 0.011363636363636364
0 0.0888235294117647 0.6443181818181818 0.05058823529411765 0.011363636363636364
0 0.2852941176470588 0.8925 0.05176470588235294 0.011363636363636364
0 0.44441176470588234 0.7865909090909091 0.07588235294117647 0.011363636363636364
0 0.3602941176470588 0.8165909090909091 0.045294117647058825 0.011363636363636364
0 0.44441176470588234 0.8320454545454545 0.07588235294117647 0.011363636363636364
0 0.2852941176470588 0.7411363636363636 0.05176470588235294 0.011363636363636364
0 0.3602941176470588 0.8925 0.045294117647058825 0.011363636363636364
0 0.5458823529411765 0.8472727272727273 0.06352941176470588 0.011818181818181818
0 0.5461764705882353 0.7561363636363636 0.06411764705882353 0.011363636363636364
0 0.2852941176470588 0.8470454545454545 0.05176470588235294 0.011363636363636364
0 0.5461764705882353 0.8165909090909091 0.06411764705882353 0.011363636363636364
0 0.3602941176470588 0.9379545454545455 0.045294117647058825 0.011363636363636364
0 0.44441176470588234 0.7561363636363636 0.07588235294117647 0.011363636363636364
0 0.3602941176470588 0.8470454545454545 0.045294117647058825 0.011363636363636364
0 0.2852941176470588 0.9379545454545455 0.05176470588235294 0.011363636363636364
0 0.1635294117647059 0.6443181818181818 0.04352941176470588 0.011363636363636364
0 0.3602941176470588 0.7561363636363636 0.045294117647058825 0.011363636363636364
0 0.5461764705882353 0.7711363636363636 0.06411764705882353 0.011363636363636364
0 0.44441176470588234 0.8925 0.07588235294117647 0.011363636363636364
0 0.5461764705882353 0.9379545454545455 0.06411764705882353 0.011363636363636364
0 0.44441176470588234 0.8470454545454545 0.07588235294117647 0.011363636363636364
0 0.5461764705882353 0.9075 0.06411764705882353 0.011363636363636364
0 0.3602941176470588 0.9075 0.045294117647058825 0.011363636363636364
0 0.5461764705882353 0.8925 0.06411764705882353 0.011363636363636364
0 0.1514705882352941 0.22568181818181818 0.039411764705882354 0.011363636363636364
0 0.2576470588235294 0.6443181818181818 0.09411764705882353 0.011363636363636364
0 0.2852941176470588 0.7865909090909091 0.05176470588235294 0.011363636363636364
0 0.3602941176470588 0.7411363636363636 0.045294117647058825 0.011363636363636364
0 0.2852941176470588 0.9075 0.05176470588235294 0.011363636363636364
0 0.08558823529411765 0.22568181818181818 0.04411764705882353 0.011363636363636364
0 0.08558823529411765 0.6956818181818182 0.04411764705882353 0.011363636363636364
