0 0.26794117647058824 0.6620454545454545 0.4229411764705882 0.011363636363636364
0 0.07941176470588235 0.08159090909090909 0.04470588235294118 0.011363636363636364
0 0.17323529411764707 0.19954545454545455 0.03 0.013636363636363636
0 0.13705882352941176 0.08159090909090909 0.03764705882352941 0.011363636363636364
0 0.5070588235294118 0.27454545454545454 0.8529411764705882 0.015454545454545455
0 0.4964705882352941 0.7870454545454545 0.88 0.015909090909090907
0 0.42558823529411766 0.25386363636363635 0.09117647058823529 0.012272727272727272
0 0.22 0.20113636363636364 0.03294117647058824 0.012272727272727272
0 0.49558823529411766 0.6779545454545455 0.8782352941176471 0.015909090909090907
0 0.30617647058823527 0.20068181818181818 0.028823529411764706 0.011363636363636364
0 0.2761764705882353 0.17545454545454545 0.3935294117647059 0.022727272727272728
0 0.13823529411764707 0.5456818181818182 0.036470588235294116 0.011363636363636364
0 0.14058823529411765 0.8734090909090909 0.042352941176470586 0.011363636363636364
0 0.2647058823529412 0.25295454545454543 0.03058823529411765 0.013181818181818182
0 0.27558823529411763 0.7147727272727272 0.43823529411764706 0.015
0 0.315 0.7497727272727273 0.5170588235294118 0.015
0 0.1338235294117647 0.20068181818181818 0.031176470588235295 0.011363636363636364
0 0.3514705882352941 0.20068181818181818 0.033529411764705884 0.012272727272727272
0 0.4961764705882353 0.8193181818181818 0.8794117647058823 0.015909090909090907
0 0.13323529411764706 0.25363636363636366 0.03 0.011818181818181818
0 0.28911764705882353 0.22818181818181818 0.4194117647058824 0.02090909090909091
0 0.24588235294117647 0.11840909090909091 0.33294117647058824 0.011363636363636364
0 0.2 0.6315909090909091 0.16 0.011363636363636364
0 0.09323529411764706 0.5825 0.06411764705882353 0.011363636363636364
0 0.12294117647058823 0.13477272727272727 0.08705882352941176 0.011363636363636364
0 0.13823529411764707 0.44886363636363635 0.04 0.011363636363636364
0 0.0826470588235294 0.8734090909090909 0.04411764705882353 0.011363636363636364
0 0.17352941176470588 0.2534090909090909 0.03058823529411765 0.011363636363636364
0 0.22058823529411764 0.2534090909090909 0.03411764705882353 0.012272727272727272
0 0.1288235294117647 0.15159090909090908 0.0988235294117647 0.011363636363636364
0 0.07970588235294118 0.44886363636363635 0.04294117647058823 0.011363636363636364
0 0.42470588235294116 0.20068181818181818 0.09058823529411765 0.011363636363636364
0 0.30617647058823527 0.2520454545454546 0.028823529411764706 0.014090909090909091
0 0.34941176470588237 0.25363636363636366 0.03176470588235294 0.015454545454545455
0 0.1797058823529412 0.5834090909090909 0.09 0.011363636363636364
0 0.0826470588235294 0.6315909090909091 0.04294117647058823 0.011363636363636364
0 0.2655882352941176 0.20068181818181818 0.03 0.011363636363636364
0 0.0826470588235294 0.5456818181818182 0.04294117647058823 0.011363636363636364
