0 0.08705882352941176 0.30977272727272726 0.047058823529411764 0.011363636363636364
0 0.15294117647058825 0.24886363636363637 0.041176470588235294 0.011363636363636364
0 0.08705882352941176 0.24886363636363637 0.047058823529411764 0.011363636363636364
0 0.15294117647058825 0.40204545454545454 0.041176470588235294 0.011363636363636364
0 0.15294117647058825 0.30977272727272726 0.041176470588235294 0.011363636363636364
0 0.15294117647058825 0.21159090909090908 0.041176470588235294 0.011363636363636364
0 0.08705882352941176 0.40204545454545454 0.047058823529411764 0.011363636363636364
0 0.08705882352941176 0.21159090909090908 0.047058823529411764 0.011363636363636364
0 0.15294117647058825 0.11295454545454546 0.041176470588235294 0.011363636363636364
0 0.08705882352941176 0.11295454545454546 0.047058823529411764 0.011363636363636364
