0 0.3173529411764706 0.7352272727272727 0.1288235294117647 0.011363636363636364
0 0.17852941176470588 0.19386363636363638 0.05823529411764706 0.011363636363636364
0 0.46588235294117647 0.09522727272727273 0.12117647058823529 0.011363636363636364
0 0.17705882352941177 0.6170454545454546 0.058823529411764705 0.011363636363636364
0 0.31470588235294117 0.09522727272727273 0.12823529411764706 0.011363636363636364
0 0.46352941176470586 0.24522727272727274 0.12117647058823529 0.011363636363636364
0 0.17823529411764705 0.24522727272727274 0.058823529411764705 0.011363636363636364
0 0.34852941176470587 0.6479545454545454 0.060588235294117644 0.011363636363636364
0 0.1688235294117647 0.36886363636363634 0.04352941176470588 0.011363636363636364
0 0.17029411764705882 0.27795454545454545 0.04294117647058823 0.011363636363636364
0 0.3461764705882353 0.7665909090909091 0.060588235294117644 0.011363636363636364
0 0.4597058823529412 0.7870454545454545 0.12176470588235294 0.011363636363636364
0 0.4626470588235294 0.6170454545454546 0.12176470588235294 0.011363636363636364
0 0.345 0.5147727272727273 0.060588235294117644 0.011363636363636364
0 0.35205882352941176 0.12795454545454546 0.060588235294117644 0.011363636363636364
0 0.1738235294117647 0.8493181818181819 0.05823529411764706 0.011363636363636364
0 0.27088235294117646 0.12795454545454546 0.07235294117647059 0.011363636363636364
0 0.34558823529411764 0.8197727272727273 0.060588235294117644 0.011363636363636364
0 0.4641176470588235 0.19386363636363638 0.12117647058823529 0.011363636363636364
0 0.3164705882352941 0.4834090909090909 0.12823529411764706 0.011363636363636364
0 0.34441176470588236 0.5675 0.060588235294117644 0.011363636363636364
0 0.32 0.3375 0.12823529411764706 0.011363636363636364
0 0.2638235294117647 0.8802272727272727 0.07352941176470588 0.011363636363636364
0 0.2638235294117647 0.5147727272727273 0.07352941176470588 0.011363636363636364
0 0.16558823529411765 0.9334090909090909 0.04294117647058823 0.011363636363636364
0 0.4623529411764706 0.668409090909091 0.12117647058823529 0.011363636363636364
0 0.16911764705882354 0.7011363636363637 0.04294117647058823 0.011363636363636364
0 0.17352941176470588 0.4834090909090909 0.058823529411764705 0.011363636363636364
0 0.265 0.8197727272727273 0.07235294117647059 0.011363636363636364
0 0.1652941176470588 0.8802272727272727 0.04352941176470588 0.011363636363636364
0 0.17294117647058824 0.12795454545454546 0.04352941176470588 0.011363636363636364
0 0.3085294117647059 0.7870454545454545 0.1288235294117647 0.011363636363636364
0 0.34852941176470587 0.36886363636363634 0.060588235294117644 0.011363636363636364
0 0.1688235294117647 0.6479545454545454 0.04352941176470588 0.011363636363636364
0 0.17352941176470588 0.5347727272727273 0.058823529411764705 0.011363636363636364
0 0.165 0.5147727272727273 0.04411764705882353 0.011363636363636364
0 0.26735294117647057 0.36886363636363634 0.07352941176470588 0.011363636363636364
0 0.2685294117647059 0.27795454545454545 0.07235294117647059 0.011363636363636364
0 0.26735294117647057 0.42204545454545456 0.07235294117647059 0.011363636363636364
0 0.3214705882352941 0.19386363636363638 0.1288235294117647 0.011363636363636364
0 0.17470588235294118 0.7352272727272727 0.058823529411764705 0.011363636363636364
0 0.18088235294117647 0.09522727272727273 0.05941176470588235 0.011363636363636364
0 0.2638235294117647 0.5675 0.07235294117647059 0.011363636363636364
0 0.4623529411764706 0.38886363636363636 0.12117647058823529 0.011363636363636364
0 0.3123529411764706 0.24522727272727274 0.12823529411764706 0.011363636363636364
0 0.17705882352941177 0.668409090909091 0.058823529411764705 0.011363636363636364
0 0.2647058823529412 0.7665909090909091 0.07294117647058823 0.011363636363636364
0 0.3073529411764706 0.5347727272727273 0.1288235294117647 0.011363636363636364
0 0.4588235294117647 0.9006818181818181 0.12117647058823529 0.011363636363636364
0 0.4626470588235294 0.3375 0.12176470588235294 0.011363636363636364
0 0.32 0.6170454545454546 0.12823529411764706 0.011363636363636364
0 0.3111764705882353 0.668409090909091 0.12823529411764706 0.011363636363636364
0 0.1652941176470588 0.5675 0.04352941176470588 0.011363636363636364
0 0.34794117647058825 0.42204545454545456 0.060588235294117644 0.011363636363636364
0 0.35 0.22477272727272726 0.06 0.011363636363636364
0 0.45941176470588235 0.8488636363636364 0.12117647058823529 0.011363636363636364
0 0.2685294117647059 0.22477272727272726 0.07352941176470588 0.011363636363636364
0 0.26735294117647057 0.7011363636363637 0.07235294117647059 0.011363636363636364
0 0.4585294117647059 0.5347727272727273 0.12176470588235294 0.011363636363636364
0 0.1661764705882353 0.7665909090909091 0.04411764705882353 0.011363636363636364
0 0.16911764705882354 0.42204545454545456 0.04294117647058823 0.011363636363636364
0 0.17705882352941177 0.3375 0.058823529411764705 0.011363636363636364
0 0.26735294117647057 0.6479545454545454 0.07352941176470588 0.011363636363636364
0 0.2638235294117647 0.9334090909090909 0.07235294117647059 0.011363636363636364
0 0.17705882352941177 0.38931818181818184 0.058823529411764705 0.011363636363636364
0 0.34794117647058825 0.7011363636363637 0.060588235294117644 0.011363636363636364
0 0.3452941176470588 0.8802272727272727 0.06 0.011363636363636364
0 0.17352941176470588 0.9006818181818181 0.058823529411764705 0.011363636363636364
0 0.3111764705882353 0.38931818181818184 0.12823529411764706 0.011363636363636364
0 0.31676470588235295 0.8497727272727272 0.12764705882352942 0.011363636363636364
0 0.3447058823529412 0.9334090909090909 0.06 0.011363636363636364
0 0.17 0.22477272727272726 0.04352941176470588 0.011363636363636364
0 0.17441176470588235 0.7870454545454545 0.05941176470588235 0.011363636363636364
0 0.3497058823529412 0.27795454545454545 0.060588235294117644 0.011363636363636364
0 0.4602941176470588 0.7352272727272727 0.12176470588235294 0.011363636363636364
0 0.4591176470588235 0.4834090909090909 0.12176470588235294 0.011363636363636364
0 0.16647058823529412 0.8197727272727273 0.04352941176470588 0.011363636363636364
0 0.3076470588235294 0.9006818181818181 0.12823529411764706 0.011363636363636364
