0 0.18705882352941178 0.23477272727272727 0.07176470588235294 0.011363636363636364
0 0.7147058823529412 0.22704545454545455 0.06235294117647059 0.011363636363636364
0 0.6026470588235294 0.24204545454545454 0.29470588235294115 0.011363636363636364
0 0.3226470588235294 0.4465909090909091 0.06764705882352941 0.011363636363636364
0 0.18 0.21204545454545454 0.05764705882352941 0.011363636363636364
0 0.7820588235294118 0.6134090909090909 0.045294117647058825 0.011363636363636364
0 0.48558823529411765 0.21204545454545454 0.060588235294117644 0.011363636363636364
0 0.6788235294117647 0.4465909090909091 0.09411764705882353 0.011363636363636364
0 0.08235294117647059 0.21204545454545454 0.05764705882352941 0.011363636363636364
0 0.898235294117647 0.4465909090909091 0.08235294117647059 0.011363636363636364
0 0.08941176470588236 0.23477272727272727 0.07176470588235294 0.011363636363636364
0 0.07588235294117647 0.6134090909090909 0.04470588235294118 0.011363636363636364
0 0.14176470588235293 0.6134090909090909 0.04 0.011363636363636364
0 0.4258823529411765 0.4465909090909091 0.07882352941176471 0.011363636363636364
0 0.6547058823529411 0.21204545454545454 0.24235294117647058 0.011363636363636364
0 0.8476470588235294 0.6134090909090909 0.04 0.011363636363636364
0 0.32294117647058823 0.21204545454545454 0.04941176470588235 0.011363636363636364
0 0.5552941176470588 0.22704545454545455 0.2 0.011363636363636364
0 0.7914705882352941 0.4465909090909091 0.08411764705882353 0.011363636363636364
0 0.5444117647058824 0.4465909090909091 0.11941176470588236 0.011363636363636364
0 0.1585294117647059 0.4465909090909091 0.21 0.011363636363636364
0 0.32 0.23477272727272727 0.04352941176470588 0.011363636363636364
