0 0.17352941176470588 0.34704545454545455 0.058823529411764705 0.011363636363636364
0 0.3164705882352941 0.34704545454545455 0.12823529411764706 0.011363636363636364
0 0.3052941176470588 0.8161363636363637 0.12823529411764706 0.011363636363636364
0 0.3432352941176471 0.29659090909090907 0.060588235294117644 0.011363636363636364
0 0.1814705882352941 0.6347727272727273 0.060588235294117644 0.011363636363636364
0 0.16411764705882353 0.24386363636363637 0.04352941176470588 0.011363636363636364
0 0.3473529411764706 0.10931818181818181 0.060588235294117644 0.011363636363636364
0 0.566764705882353 0.6638636363636363 0.21823529411764706 0.011363636363636364
0 0.3426470588235294 0.7956818181818182 0.060588235294117644 0.011363636363636364
0 0.1711764705882353 0.7647727272727273 0.058823529411764705 0.011363636363636364
0 0.34205882352941175 0.8488636363636364 0.060588235294117644 0.011363636363636364
0 0.15941176470588236 0.9361363636363637 0.04352941176470588 0.011363636363636364
0 0.4591176470588235 0.34704545454545455 0.12176470588235294 0.011363636363636364
0 0.27088235294117646 0.6638636363636363 0.07235294117647059 0.011363636363636364
0 0.2638235294117647 0.4315909090909091 0.07235294117647059 0.011363636363636364
0 0.2661764705882353 0.10931818181818181 0.07352941176470588 0.011363636363636364
0 0.566764705882353 0.711590909090909 0.21941176470588236 0.011363636363636364
0 0.33941176470588236 0.9361363636363637 0.06 0.011363636363636364
0 0.31058823529411766 0.9052272727272728 0.12823529411764706 0.011363636363636364
0 0.31411764705882356 0.7647727272727273 0.12823529411764706 0.011363636363636364
0 0.4611764705882353 0.12977272727272726 0.12117647058823529 0.011363636363636364
0 0.31882352941176473 0.07795454545454546 0.12823529411764706 0.011363636363636364
0 0.17352941176470588 0.39886363636363636 0.058823529411764705 0.011363636363636364
0 0.3438235294117647 0.24386363636363637 0.060588235294117644 0.011363636363636364
0 0.16323529411764706 0.8488636363636364 0.04294117647058823 0.011363636363636364
0 0.2626470588235294 0.29659090909090907 0.07235294117647059 0.011363636363636364
0 0.2638235294117647 0.3784090909090909 0.07352941176470588 0.011363636363636364
0 0.17588235294117646 0.12977272727272726 0.058823529411764705 0.011363636363636364
0 0.3467647058823529 0.1625 0.060588235294117644 0.011363636363636364
0 0.32294117647058823 0.6347727272727273 0.12823529411764706 0.011363636363636364
0 0.18176470588235294 0.6806818181818182 0.0611764705882353 0.011363636363636364
0 0.3064705882352941 0.26431818181818184 0.12823529411764706 0.011363636363636364
0 0.2626470588235294 0.24386363636363637 0.07352941176470588 0.011363636363636364
0 0.31529411764705884 0.2125 0.12823529411764706 0.011363636363636364
0 0.34441176470588236 0.4315909090909091 0.060588235294117644 0.011363636363636364
0 0.345 0.3784090909090909 0.060588235294117644 0.011363636363636364
0 0.17294117647058824 0.711590909090909 0.04352941176470588 0.011363636363636364
0 0.2614705882352941 0.7956818181818182 0.07352941176470588 0.011363636363636364
0 0.46588235294117647 0.6806818181818182 0.12117647058823529 0.011363636363636364
0 0.45676470588235296 0.7647727272727273 0.12176470588235294 0.011363636363636364
0 0.16794117647058823 0.1625 0.04294117647058823 0.011363636363636364
0 0.3076470588235294 0.39886363636363636 0.12823529411764706 0.011363636363636364
0 0.32323529411764707 0.6806818181818182 0.1288235294117647 0.011363636363636364
0 0.45647058823529413 0.8161363636363637 0.12117647058823529 0.011363636363636364
0 0.31 0.12977272727272726 0.12823529411764706 0.011363636363636364
0 0.2614705882352941 0.8488636363636364 0.07235294117647059 0.011363636363636364
0 0.1711764705882353 0.8161363636363637 0.058823529411764705 0.011363636363636364
0 0.25794117647058823 0.9361363636363637 0.07352941176470588 0.011363636363636364
0 0.27088235294117646 0.711590909090909 0.07235294117647059 0.011363636363636364
0 0.16794117647058823 0.9052272727272728 0.05823529411764706 0.011363636363636364
0 0.16441176470588234 0.29659090909090907 0.04294117647058823 0.011363636363636364
0 0.46588235294117647 0.6347727272727273 0.12117647058823529 0.011363636363636364
0 0.16558823529411765 0.4315909090909091 0.04294117647058823 0.011363636363636364
0 0.46147058823529413 0.07795454545454546 0.12176470588235294 0.011363636363636364
0 0.4588235294117647 0.39886363636363636 0.12117647058823529 0.011363636363636364
0 0.4576470588235294 0.26386363636363636 0.12117647058823529 0.011363636363636364
0 0.2661764705882353 0.1625 0.07235294117647059 0.011363636363636364
0 0.1676470588235294 0.10931818181818181 0.04352941176470588 0.011363636363636364
0 0.45794117647058824 0.2125 0.12176470588235294 0.011363636363636364
0 0.16264705882352942 0.7956818181818182 0.04411764705882353 0.011363636363636364
0 0.3814705882352941 0.6638636363636363 0.12058823529411765 0.011363636363636364
0 0.1723529411764706 0.2125 0.058823529411764705 0.011363636363636364
0 0.17588235294117646 0.07795454545454546 0.058823529411764705 0.011363636363636364
0 0.1652941176470588 0.3784090909090909 0.04352941176470588 0.011363636363636364
0 0.38176470588235295 0.711590909090909 0.12 0.011363636363636364
0 0.1723529411764706 0.26431818181818184 0.058823529411764705 0.011363636363636364
0 0.4535294117647059 0.9052272727272728 0.12117647058823529 0.011363636363636364
0 0.17294117647058824 0.6638636363636363 0.04352941176470588 0.011363636363636364
