0 0.8129411764705883 0.6656818181818182 0.07647058823529412 0.012272727272727272
0 0.8129411764705883 0.4893181818181818 0.07647058823529412 0.012272727272727272
0 0.91 0.4893181818181818 0.08588235294117647 0.012272727272727272
0 0.91 0.39704545454545453 0.08588235294117647 0.012272727272727272
0 0.8129411764705883 0.6875 0.07647058823529412 0.012272727272727272
0 0.91 0.44295454545454543 0.08588235294117647 0.012272727272727272
0 0.91 0.6656818181818182 0.08588235294117647 0.012272727272727272
0 0.91 0.6220454545454546 0.08588235294117647 0.012272727272727272
0 0.8129411764705883 0.5775 0.07647058823529412 0.012272727272727272
0 0.8129411764705883 0.39704545454545453 0.07647058823529412 0.012272727272727272
0 0.8129411764705883 0.4656818181818182 0.07647058823529412 0.012272727272727272
0 0.3588235294117647 0.14886363636363636 0.18941176470588236 0.012272727272727272
0 0.91 0.6438636363636364 0.08588235294117647 0.012272727272727272
0 0.8129411764705883 0.44295454545454543 0.07647058823529412 0.012272727272727272
0 0.91 0.5120454545454546 0.08588235294117647 0.012272727272727272
0 0.8129411764705883 0.5993181818181819 0.07647058823529412 0.012272727272727272
0 0.8129411764705883 0.5329545454545455 0.07647058823529412 0.012272727272727272
0 0.8129411764705883 0.4202272727272727 0.07647058823529412 0.012272727272727272
0 0.8129411764705883 0.5120454545454546 0.07647058823529412 0.012272727272727272
0 0.91 0.5775 0.08588235294117647 0.012272727272727272
0 0.91 0.5329545454545455 0.08588235294117647 0.012272727272727272
0 0.91 0.5993181818181819 0.08588235294117647 0.012272727272727272
0 0.91 0.7111363636363637 0.08588235294117647 0.012272727272727272
0 0.5864705882352941 0.14886363636363636 0.18823529411764706 0.012272727272727272
0 0.8129411764705883 0.5556818181818182 0.07647058823529412 0.012272727272727272
0 0.91 0.6875 0.08588235294117647 0.012272727272727272
0 0.8129411764705883 0.7111363636363637 0.07647058823529412 0.012272727272727272
0 0.14 0.14931818181818182 0.16588235294117648 0.012272727272727272
0 0.91 0.4656818181818182 0.08588235294117647 0.012272727272727272
0 0.8129411764705883 0.6220454545454546 0.07647058823529412 0.012272727272727272
0 0.8129411764705883 0.6438636363636364 0.07647058823529412 0.012272727272727272
0 0.91 0.5556818181818182 0.08588235294117647 0.012272727272727272
0 0.91 0.4202272727272727 0.08588235294117647 0.012272727272727272
