0 0.2097058823529412 0.5315909090909091 0.03705882352941176 0.011363636363636364
0 0.14794117647058824 0.5161363636363636 0.031176470588235295 0.011363636363636364
0 0.15705882352941178 0.09659090909090909 0.18705882352941178 0.011363636363636364
0 0.4797058823529412 0.6747727272727273 0.028823529411764706 0.012272727272727272
0 0.2097058823529412 0.48613636363636364 0.03705882352941176 0.011363636363636364
0 0.5308823529411765 0.4715909090909091 0.03235294117647059 0.012272727272727272
0 0.601764705882353 0.6752272727272727 0.07647058823529412 0.011363636363636364
0 0.3876470588235294 0.5770454545454545 0.04 0.011363636363636364
0 0.14794117647058824 0.5627272727272727 0.031176470588235295 0.013636363636363636
0 0.7097058823529412 0.47204545454545455 0.03705882352941176 0.011363636363636364
0 0.32735294117647057 0.5315909090909091 0.03705882352941176 0.011363636363636364
0 0.15294117647058825 0.8461363636363637 0.041176470588235294 0.011363636363636364
0 0.32735294117647057 0.5161363636363636 0.03705882352941176 0.011363636363636364
0 0.5920588235294117 0.47204545454545455 0.03705882352941176 0.011363636363636364
0 0.3876470588235294 0.5161363636363636 0.04 0.011363636363636364
0 0.27 0.5770454545454545 0.04 0.011363636363636364
0 0.27 0.5315909090909091 0.04 0.011363636363636364
0 0.7097058823529412 0.5175 0.03705882352941176 0.011363636363636364
0 0.1723529411764706 0.7356818181818182 0.041176470588235294 0.011363636363636364
0 0.6523529411764706 0.5325 0.04 0.011363636363636364
0 0.22411764705882353 0.15795454545454546 0.3211764705882353 0.011363636363636364
0 0.53 0.5175 0.03058823529411765 0.011363636363636364
0 0.4314705882352941 0.6747727272727273 0.03 0.012272727272727272
0 0.5920588235294117 0.5175 0.03705882352941176 0.011363636363636364
0 0.5920588235294117 0.48704545454545456 0.03705882352941176 0.011363636363636364
0 0.53 0.48613636363636364 0.03058823529411765 0.013181818181818182
0 0.27 0.5615909090909091 0.04 0.011363636363636364
0 0.20705882352941177 0.2611363636363636 0.09058823529411765 0.011363636363636364
0 0.27 0.5161363636363636 0.04 0.011363636363636364
0 0.3876470588235294 0.48613636363636364 0.04 0.011363636363636364
0 0.3820588235294118 0.675 0.028823529411764706 0.011818181818181818
0 0.77 0.5175 0.04 0.011363636363636364
0 0.27 0.4706818181818182 0.04 0.011363636363636364
0 0.6523529411764706 0.47204545454545455 0.04 0.011363636363636364
0 0.32735294117647057 0.5770454545454545 0.03705882352941176 0.011363636363636364
0 0.7097058823529412 0.48704545454545456 0.03705882352941176 0.011363636363636364
0 0.4973529411764706 0.1734090909090909 0.8676470588235294 0.015
0 0.32735294117647057 0.48613636363636364 0.03705882352941176 0.011363636363636364
0 0.14852941176470588 0.47045454545454546 0.033529411764705884 0.012727272727272728
0 0.1723529411764706 0.7961363636363636 0.041176470588235294 0.011363636363636364
0 0.32735294117647057 0.5615909090909091 0.03705882352941176 0.011363636363636364
0 0.77 0.47204545454545455 0.04 0.011363636363636364
0 0.3876470588235294 0.5315909090909091 0.04 0.011363636363636364
0 0.15294117647058825 0.6447727272727273 0.041176470588235294 0.011363636363636364
0 0.6523529411764706 0.48704545454545456 0.04 0.011363636363636364
0 0.10323529411764706 0.2611363636363636 0.07941176470588235 0.011363636363636364
0 0.08705882352941176 0.8461363636363637 0.047058823529411764 0.011363636363636364
0 0.1723529411764706 0.7661363636363636 0.041176470588235294 0.011363636363636364
0 0.25441176470588234 0.14295454545454545 0.38176470588235295 0.011363636363636364
0 0.6002941176470589 0.09659090909090909 0.6617647058823529 0.015
0 0.2097058823529412 0.5161363636363636 0.03705882352941176 0.011363636363636364
0 0.5291176470588236 0.6740909090909091 0.028823529411764706 0.013636363636363636
0 0.33294117647058824 0.675 0.029411764705882353 0.011818181818181818
0 0.14794117647058824 0.5781818181818181 0.031176470588235295 0.013636363636363636
0 0.10647058823529412 0.7961363636363636 0.047058823529411764 0.011363636363636364
0 0.6523529411764706 0.5175 0.04 0.011363636363636364
0 0.14823529411764705 0.4865909090909091 0.03176470588235294 0.012272727272727272
0 0.77 0.5325 0.04 0.011363636363636364
0 0.10647058823529412 0.7052272727272727 0.047058823529411764 0.011363636363636364
0 0.38323529411764706 0.20204545454545456 0.6394117647058823 0.023181818181818182
0 0.2097058823529412 0.5770454545454545 0.03705882352941176 0.011363636363636364
0 0.3876470588235294 0.5615909090909091 0.04 0.011363636363636364
0 0.2097058823529412 0.4706818181818182 0.03705882352941176 0.011363636363636364
0 0.77 0.48704545454545456 0.04 0.011363636363636364
0 0.14823529411764705 0.5311363636363636 0.03176470588235294 0.012272727272727272
0 0.10647058823529412 0.7661363636363636 0.047058823529411764 0.011363636363636364
0 0.2097058823529412 0.5615909090909091 0.03705882352941176 0.011363636363636364
0 0.53 0.5325 0.03058823529411765 0.013181818181818182
0 0.7097058823529412 0.5325 0.03705882352941176 0.011363636363636364
0 0.10647058823529412 0.7356818181818182 0.047058823529411764 0.011363636363636364
0 0.27 0.48613636363636364 0.04 0.011363636363636364
0 0.5920588235294117 0.5325 0.03705882352941176 0.011363636363636364
0 0.38441176470588234 0.22613636363636364 0.6417647058823529 0.015
0 0.32735294117647057 0.4706818181818182 0.03705882352941176 0.011363636363636364
0 0.1723529411764706 0.7052272727272727 0.041176470588235294 0.011363636363636364
0 0.3876470588235294 0.4706818181818182 0.04 0.011363636363636364
0 0.14029411764705882 0.4343181818181818 0.09823529411764706 0.011363636363636364
0 0.08705882352941176 0.6447727272727273 0.047058823529411764 0.011363636363636364
