0 0.15411764705882353 0.1775 0.12823529411764706 0.011363636363636364
0 0.15323529411764705 0.2075 0.1264705882352941 0.011363636363636364
0 0.46294117647058824 0.2075 0.07294117647058823 0.011363636363636364
0 0.46294117647058824 0.1925 0.07294117647058823 0.011363636363636364
0 0.08558823529411765 0.13204545454545455 0.04411764705882353 0.011363636363636364
0 0.37823529411764706 0.1925 0.0611764705882353 0.011363636363636364
0 0.15176470588235294 0.13204545454545455 0.03882352941176471 0.011363636363636364
0 0.08558823529411765 0.2775 0.04411764705882353 0.011363636363636364
0 0.08676470588235294 0.38386363636363635 0.04411764705882353 0.011363636363636364
0 0.15176470588235294 0.2775 0.03882352941176471 0.011363636363636364
0 0.37823529411764706 0.16204545454545455 0.0611764705882353 0.011363636363636364
0 0.15294117647058825 0.38386363636363635 0.03882352941176471 0.011363636363636364
0 0.46294117647058824 0.1775 0.07294117647058823 0.011363636363636364
0 0.46294117647058824 0.16204545454545455 0.07294117647058823 0.011363636363636364
0 0.3785294117647059 0.2075 0.060588235294117644 0.011363636363636364
0 0.15794117647058822 0.16204545454545455 0.13588235294117648 0.011363636363636364
0 0.37823529411764706 0.1775 0.0611764705882353 0.011363636363636364
0 0.15705882352941178 0.1925 0.13411764705882354 0.011363636363636364
