0 0.5441176470588235 0.13477272727272727 0.06 0.011363636363636364
0 0.4561764705882353 0.11954545454545455 0.07941176470588235 0.01090909090909091
0 0.4011764705882353 0.7456818181818182 0.06588235294117648 0.011363636363636364
0 0.5441176470588235 0.19568181818181818 0.06 0.011363636363636364
0 0.36823529411764705 0.15022727272727274 0.0611764705882353 0.011363636363636364
0 0.295 0.6843181818181818 0.06411764705882353 0.011363636363636364
0 0.4561764705882353 0.16522727272727272 0.07941176470588235 0.011363636363636364
0 0.5441176470588235 0.10477272727272727 0.06 0.011363636363636364
0 0.36823529411764705 0.13477272727272727 0.0611764705882353 0.011363636363636364
0 0.4561764705882353 0.24113636363636365 0.07941176470588235 0.011363636363636364
0 0.08558823529411765 0.5043181818181818 0.04411764705882353 0.011363636363636364
0 0.36823529411764705 0.25613636363636366 0.0611764705882353 0.011363636363636364
0 0.5441176470588235 0.16522727272727272 0.06 0.011363636363636364
0 0.5441176470588235 0.2865909090909091 0.06 0.011363636363636364
0 0.5441176470588235 0.22568181818181818 0.06 0.011363636363636364
0 0.5441176470588235 0.24113636363636365 0.06 0.011363636363636364
0 0.36823529411764705 0.08931818181818182 0.0611764705882353 0.011363636363636364
0 0.4561764705882353 0.10477272727272727 0.07941176470588235 0.011363636363636364
0 0.4561764705882353 0.2711363636363636 0.07941176470588235 0.011363636363636364
0 0.4561764705882353 0.08931818181818182 0.07941176470588235 0.011363636363636364
0 0.5441176470588235 0.2106818181818182 0.06 0.011363636363636364
0 0.12264705882352941 0.07227272727272727 0.0688235294117647 0.01
0 0.4011764705882353 0.6843181818181818 0.06588235294117648 0.011363636363636364
0 0.5441176470588235 0.08931818181818182 0.06 0.011363636363636364
0 0.5441176470588235 0.25613636363636366 0.06 0.011363636363636364
0 0.295 0.7034090909090909 0.06411764705882353 0.011363636363636364
0 0.36823529411764705 0.11954545454545455 0.0611764705882353 0.01090909090909091
0 0.36823529411764705 0.2711363636363636 0.0611764705882353 0.011363636363636364
0 0.4561764705882353 0.15022727272727274 0.07941176470588235 0.011363636363636364
0 0.5441176470588235 0.11954545454545455 0.06 0.01090909090909091
0 0.5441176470588235 0.2711363636363636 0.06 0.011363636363636364
0 0.36823529411764705 0.10477272727272727 0.0611764705882353 0.011363636363636364
0 0.36823529411764705 0.2865909090909091 0.0611764705882353 0.011363636363636364
0 0.5441176470588235 0.15022727272727274 0.06 0.011363636363636364
0 0.36823529411764705 0.16522727272727272 0.0611764705882353 0.011363636363636364
0 0.08558823529411765 0.4025 0.04411764705882353 0.011363636363636364
0 0.36823529411764705 0.22568181818181818 0.0611764705882353 0.011363636363636364
0 0.295 0.7261363636363637 0.06411764705882353 0.011363636363636364
0 0.4561764705882353 0.19568181818181818 0.07941176470588235 0.011363636363636364
0 0.4561764705882353 0.2865909090909091 0.07941176470588235 0.011363636363636364
0 0.1514705882352941 0.4025 0.039411764705882354 0.011363636363636364
0 0.4561764705882353 0.18022727272727274 0.07941176470588235 0.011363636363636364
0 0.4561764705882353 0.22568181818181818 0.07941176470588235 0.011363636363636364
0 0.4011764705882353 0.7034090909090909 0.06588235294117648 0.011363636363636364
0 0.36823529411764705 0.2106818181818182 0.0611764705882353 0.011363636363636364
0 0.36823529411764705 0.18022727272727274 0.0611764705882353 0.011363636363636364
0 0.4561764705882353 0.25613636363636366 0.07941176470588235 0.011363636363636364
0 0.4011764705882353 0.7261363636363637 0.06588235294117648 0.011363636363636364
0 0.36823529411764705 0.19568181818181818 0.0611764705882353 0.011363636363636364
0 0.4561764705882353 0.2106818181818182 0.07941176470588235 0.011363636363636364
0 0.295 0.7456818181818182 0.06411764705882353 0.011363636363636364
0 0.5441176470588235 0.18022727272727274 0.06 0.011363636363636364
0 0.4561764705882353 0.13477272727272727 0.07941176470588235 0.011363636363636364
0 0.1514705882352941 0.5043181818181818 0.039411764705882354 0.011363636363636364
0 0.36823529411764705 0.24113636363636365 0.0611764705882353 0.011363636363636364
