0 0.6605882352941177 0.1965909090909091 0.03764705882352941 0.011363636363636364
0 0.866764705882353 0.3861363636363636 0.11705882352941177 0.011363636363636364
0 0.6029411764705882 0.47704545454545455 0.04 0.011363636363636364
0 0.09529411764705882 0.5829545454545455 0.08352941176470588 0.011363636363636364
0 0.5311764705882352 0.5829545454545455 0.07294117647058823 0.011363636363636364
0 0.28794117647058826 0.3484090909090909 0.057058823529411766 0.011363636363636364
0 0.7329411764705882 0.18159090909090908 0.04588235294117647 0.011363636363636364
0 0.5276470588235294 0.47704545454545455 0.047058823529411764 0.011363636363636364
0 0.6055882352941176 0.1965909090909091 0.045294117647058825 0.011363636363636364
0 0.528235294117647 0.4315909090909091 0.04823529411764706 0.011363636363636364
0 0.15176470588235294 0.5225 0.04 0.011363636363636364
0 0.7394117647058823 0.3861363636363636 0.07764705882352942 0.011363636363636364
0 0.3726470588235294 0.3484090909090909 0.07 0.011363636363636364
0 0.5305882352941177 0.3861363636363636 0.052941176470588235 0.011363636363636364
0 0.6264705882352941 0.3861363636363636 0.08705882352941176 0.011363636363636364
0 0.3847058823529412 0.5829545454545455 0.11411764705882353 0.011363636363636364
0 0.6029411764705882 0.4315909090909091 0.04 0.011363636363636364
0 0.23323529411764707 0.5829545454545455 0.08529411764705883 0.011363636363636364
0 0.07617647058823529 0.5225 0.045294117647058825 0.011363636363636364
0 0.8085294117647058 0.18159090909090908 0.039411764705882354 0.011363636363636364
