0 0.08735294117647059 0.10477272727272727 0.04764705882352941 0.011363636363636364
0 0.12 0.16772727272727272 0.11294117647058824 0.011818181818181818
0 0.12058823529411765 0.49113636363636365 0.11411764705882353 0.011363636363636364
0 0.15294117647058825 0.5593181818181818 0.041176470588235294 0.011363636363636364
0 0.1223529411764706 0.6575 0.11764705882352941 0.011363636363636364
0 0.08735294117647059 0.7106818181818182 0.04764705882352941 0.011363636363636364
0 0.08735294117647059 0.7793181818181818 0.04764705882352941 0.011363636363636364
0 0.5005882352941177 0.39340909090909093 0.8741176470588236 0.015
0 0.09558823529411764 0.13772727272727273 0.06411764705882353 0.011818181818181818
0 0.1161764705882353 0.26636363636363636 0.10529411764705883 0.011818181818181818
0 0.1223529411764706 0.5061363636363636 0.11764705882352941 0.011363636363636364
0 0.12 0.2968181818181818 0.11294117647058824 0.011818181818181818
0 0.24823529411764705 0.19818181818181818 0.36941176470588233 0.011818181818181818
0 0.12058823529411765 0.6425 0.11411764705882353 0.011363636363636364
0 0.12323529411764705 0.38 0.11941176470588236 0.011818181818181818
0 0.08470588235294117 0.8206818181818182 0.047058823529411764 0.011363636363636364
0 0.15294117647058825 0.7106818181818182 0.041176470588235294 0.011363636363636364
0 0.125 0.1831818181818182 0.12294117647058823 0.011818181818181818
0 0.5005882352941177 0.31022727272727274 0.8741176470588236 0.015
0 0.2538235294117647 0.2131818181818182 0.38058823529411767 0.011818181818181818
0 0.15294117647058825 0.7788636363636363 0.041176470588235294 0.011363636363636364
0 0.15294117647058825 0.10477272727272727 0.041176470588235294 0.011363636363636364
0 0.09794117647058824 0.15272727272727274 0.0688235294117647 0.011818181818181818
0 0.11794117647058823 0.365 0.10882352941176471 0.011818181818181818
0 0.0976470588235294 0.28136363636363637 0.06823529411764706 0.011818181818181818
0 0.15294117647058825 0.5970454545454545 0.041176470588235294 0.011363636363636364
0 0.16941176470588235 0.5211363636363636 0.21176470588235294 0.011363636363636364
0 0.16941176470588235 0.6729545454545455 0.21176470588235294 0.011363636363636364
0 0.08735294117647059 0.4456818181818182 0.04764705882352941 0.011363636363636364
0 0.15294117647058825 0.4456818181818182 0.041176470588235294 0.011363636363636364
0 0.08735294117647059 0.5970454545454545 0.04764705882352941 0.011363636363636364
0 0.15529411764705883 0.4756818181818182 0.18352941176470589 0.011363636363636364
0 0.15529411764705883 0.6275 0.18352941176470589 0.011363636363636364
0 0.08735294117647059 0.5593181818181818 0.04764705882352941 0.011363636363636364
0 0.15058823529411763 0.8206818181818182 0.041176470588235294 0.011363636363636364
0 0.12176470588235294 0.34954545454545455 0.11647058823529412 0.011818181818181818
0 0.5005882352941177 0.22704545454545455 0.8741176470588236 0.015
