0 0.545 0.5975 0.2664705882352941 0.015
0 0.26588235294117646 0.3411363636363636 0.04823529411764706 0.015
0 0.18794117647058822 0.3431818181818182 0.057058823529411766 0.015454545454545455
0 0.8917647058823529 0.21931818181818183 0.08352941176470588 0.015
0 0.79 0.5781818181818181 0.04470588235294118 0.015454545454545455
0 0.1635294117647059 0.8052272727272727 0.22470588235294117 0.015
0 0.8555882352941176 0.745 0.05588235294117647 0.015454545454545455
0 0.851764705882353 0.29204545454545455 0.1988235294117647 0.012272727272727272
0 0.8076470588235294 0.7825 0.22470588235294117 0.015
0 0.6126470588235294 0.4525 0.06294117647058824 0.015
0 0.6614705882352941 0.6220454545454546 0.55 0.015
0 0.9258823529411765 0.5590909090909091 0.047058823529411764 0.015454545454545455
0 0.46147058823529413 0.5590909090909091 0.045294117647058825 0.015454545454545455
0 0.29294117647058826 0.5975 0.06705882352941177 0.015
0 0.1638235294117647 0.6202272727272727 0.2252941176470588 0.015
0 0.465 0.7438636363636364 0.045294117647058825 0.015
0 0.3726470588235294 0.7825 0.060588235294117644 0.015
0 0.3905882352941176 0.5590909090909091 0.052941176470588235 0.015454545454545455
0 0.7014705882352941 0.7631818181818182 0.057058823529411766 0.015454545454545455
0 0.5494117647058824 0.7825 0.26705882352941174 0.015
0 0.6941176470588235 0.4525 0.04941176470588235 0.015
0 0.9220588235294118 0.745 0.0488235294117647 0.015454545454545455
0 0.6614705882352941 0.8070454545454545 0.55 0.015
0 0.41852941176470587 0.42977272727272725 0.045294117647058825 0.015
0 0.8064705882352942 0.3411363636363636 0.052941176470588235 0.015
0 0.32794117647058824 0.42977272727272725 0.054705882352941174 0.015
0 0.3688235294117647 0.5975 0.0611764705882353 0.015
0 0.8558823529411764 0.5590909090909091 0.058823529411764705 0.015454545454545455
0 0.8920588235294118 0.3411363636363636 0.045294117647058825 0.015
0 0.9023529411764706 0.42977272727272725 0.05058823529411765 0.015
0 0.4958823529411765 0.3411363636363636 0.05764705882352941 0.015
0 0.39588235294117646 0.7438636363636364 0.05529411764705883 0.015
0 0.803235294117647 0.5975 0.22411764705882353 0.015
0 0.8091176470588235 0.7631818181818182 0.0488235294117647 0.015454545454545455
0 0.8273529411764706 0.42977272727272725 0.05352941176470588 0.015
0 0.6911764705882353 0.5781818181818181 0.05764705882352941 0.015454545454545455
0 0.29705882352941176 0.7825 0.06588235294117648 0.015
0 0.5861764705882353 0.3411363636363636 0.04764705882352941 0.015
0 0.803235294117647 0.21886363636363637 0.06411764705882353 0.015
