0 0.08058823529411764 0.09204545454545454 0.04352941176470588 0.011363636363636364
0 0.08147058823529411 0.5511363636363636 0.04176470588235294 0.011363636363636364
0 0.13823529411764707 0.25295454545454543 0.03882352941176471 0.011363636363636364
0 0.0811764705882353 0.43113636363636365 0.04352941176470588 0.011363636363636364
0 0.13941176470588235 0.4847727272727273 0.03764705882352941 0.011363636363636364
0 0.17558823529411766 0.3968181818181818 0.2076470588235294 0.014545454545454545
0 0.13941176470588235 0.4315909090909091 0.03882352941176471 0.011363636363636364
0 0.13705882352941176 0.13522727272727272 0.03764705882352941 0.011363636363636364
0 0.14029411764705882 0.5511363636363636 0.039411764705882354 0.011363636363636364
0 0.0811764705882353 0.25295454545454543 0.04470588235294118 0.011363636363636364
0 0.13705882352941176 0.09204545454545454 0.03764705882352941 0.011363636363636364
0 0.13941176470588235 0.33795454545454545 0.04 0.011363636363636364
0 0.155 0.3756818181818182 0.16647058823529412 0.011363636363636364
0 0.08058823529411764 0.13522727272727272 0.04352941176470588 0.011363636363636364
0 0.08176470588235295 0.4847727272727273 0.04352941176470588 0.011363636363636364
0 0.08205882352941177 0.33795454545454545 0.04647058823529412 0.011363636363636364
0 0.1726470588235294 0.3547727272727273 0.20176470588235293 0.011363636363636364
