0 0.9727272727272728 0.4373529411764706 0.02727272727272727 0.014705882352941176
0 0.9727272727272728 0.13970588235294118 0.02727272727272727 0.014705882352941176
0 0.9347727272727273 0.18382352941176472 0.031363636363636364 0.014705882352941176
0 0.9725 0.305 0.026818181818181817 0.014705882352941176
0 0.9347727272727273 0.305 0.031363636363636364 0.014705882352941176
0 0.9727272727272728 0.23852941176470588 0.02727272727272727 0.014705882352941176
0 0.9347727272727273 0.4373529411764706 0.031363636363636364 0.014705882352941176
0 0.9725 0.3708823529411765 0.026818181818181817 0.014705882352941176
0 0.9727272727272728 0.18382352941176472 0.02727272727272727 0.014705882352941176
0 0.9347727272727273 0.3708823529411765 0.031363636363636364 0.014705882352941176
0 0.9347727272727273 0.13970588235294118 0.031363636363636364 0.014705882352941176
0 0.9347727272727273 0.23852941176470588 0.031363636363636364 0.014705882352941176
0 0.9347727272727273 0.5032352941176471 0.031363636363636364 0.014705882352941176
0 0.9727272727272728 0.5032352941176471 0.02727272727272727 0.014705882352941176
