0 0.34558823529411764 0.26386363636363636 0.060588235294117644 0.011363636363636364
0 0.4385294117647059 0.39431818181818185 0.06411764705882353 0.011363636363636364
0 0.3488235294117647 0.3638636363636364 0.0811764705882353 0.011363636363636364
0 0.16794117647058823 0.15159090909090908 0.04294117647058823 0.011363636363636364
0 0.3467647058823529 0.15113636363636362 0.060588235294117644 0.011363636363636364
0 0.3488235294117647 0.3488636363636364 0.0811764705882353 0.011363636363636364
0 0.15441176470588236 0.7938636363636363 0.03470588235294118 0.011363636363636364
0 0.2661764705882353 0.09795454545454546 0.07352941176470588 0.011363636363636364
0 0.46088235294117647 0.11840909090909091 0.12176470588235294 0.011363636363636364
0 0.46147058823529413 0.06659090909090909 0.12176470588235294 0.011363636363636364
0 0.3088235294117647 0.23204545454545455 0.12823529411764706 0.011363636363636364
0 0.1038235294117647 0.37931818181818183 0.08058823529411764 0.011363636363636364
0 0.08588235294117647 0.8793181818181818 0.04352941176470588 0.011363636363636364
0 0.1526470588235294 0.31931818181818183 0.04176470588235294 0.011363636363636364
0 0.5297058823529411 0.3638636363636364 0.07 0.011363636363636364
0 0.09705882352941177 0.3638636363636364 0.06705882352941177 0.011363636363636364
0 0.5297058823529411 0.37931818181818183 0.07 0.011363636363636364
0 0.3176470588235294 0.1806818181818182 0.12823529411764706 0.011363636363636364
0 0.16676470588235295 0.26386363636363636 0.04294117647058823 0.011363636363636364
0 0.3488235294117647 0.37931818181818183 0.0811764705882353 0.011363636363636364
0 0.3461764705882353 0.21159090909090908 0.060588235294117644 0.011363636363636364
0 0.4385294117647059 0.3638636363636364 0.06411764705882353 0.011363636363636364
0 0.435 0.6511363636363636 0.07705882352941176 0.011363636363636364
0 0.5297058823529411 0.39431818181818185 0.07 0.011363636363636364
0 0.17558823529411766 0.11840909090909091 0.05941176470588235 0.011363636363636364
0 0.4385294117647059 0.44295454545454543 0.06411764705882353 0.011363636363636364
0 0.4385294117647059 0.37931818181818183 0.06411764705882353 0.011363636363636364
0 0.265 0.26386363636363636 0.07235294117647059 0.011363636363636364
0 0.5297058823529411 0.3488636363636364 0.07 0.011363636363636364
0 0.08470588235294117 0.8288636363636364 0.042352941176470586 0.011363636363636364
0 0.10411764705882352 0.3488636363636364 0.0811764705882353 0.011363636363636364
0 0.1661764705882353 0.21159090909090908 0.04411764705882353 0.011363636363636364
0 0.4597058823529412 0.23204545454545455 0.12176470588235294 0.011363636363636364
0 0.5297058823529411 0.4093181818181818 0.07 0.011363636363636364
0 0.08470588235294117 0.6161363636363636 0.036470588235294116 0.011363636363636364
0 0.265 0.21159090909090908 0.07352941176470588 0.011363636363636364
0 0.31588235294117645 0.42568181818181816 0.5047058823529412 0.015
0 0.5297058823529411 0.44295454545454543 0.07 0.011363636363636364
0 0.30970588235294116 0.11840909090909091 0.1288235294117647 0.011363636363636364
0 0.3488235294117647 0.4093181818181818 0.0811764705882353 0.011363636363636364
0 0.08705882352941176 0.31931818181818183 0.047058823529411764 0.011363636363636364
0 0.32441176470588234 0.6011363636363637 0.5158823529411765 0.011363636363636364
0 0.09323529411764706 0.4093181818181818 0.05941176470588235 0.011363636363636364
0 0.15529411764705883 0.8288636363636364 0.03411764705882353 0.011363636363636364
0 0.4385294117647059 0.3488636363636364 0.06411764705882353 0.011363636363636364
0 0.31882352941176473 0.06659090909090909 0.12823529411764706 0.011363636363636364
0 0.3488235294117647 0.44295454545454543 0.0811764705882353 0.011363636363636364
0 0.08558823529411765 0.7938636363636363 0.04411764705882353 0.011363636363636364
0 0.17470588235294118 0.23204545454545455 0.058823529411764705 0.011363636363636364
0 0.24 0.6511363636363636 0.07882352941176471 0.011363636363636364
0 0.1673529411764706 0.09795454545454546 0.04411764705882353 0.011363636363636364
0 0.4385294117647059 0.4093181818181818 0.06411764705882353 0.011363636363636364
0 0.17470588235294118 0.1806818181818182 0.058823529411764705 0.011363636363636364
0 0.2661764705882353 0.15113636363636362 0.07235294117647059 0.011363636363636364
0 0.09588235294117647 0.39431818181818185 0.06470588235294118 0.011363636363636364
0 0.3473529411764706 0.09795454545454546 0.060588235294117644 0.011363636363636364
0 0.3488235294117647 0.39431818181818185 0.0811764705882353 0.011363636363636364
0 0.4602941176470588 0.18022727272727274 0.12176470588235294 0.011363636363636364
0 0.17588235294117646 0.06659090909090909 0.058823529411764705 0.011363636363636364
0 0.3411764705882353 0.6511363636363636 0.08470588235294117 0.011363636363636364
0 0.1361764705882353 0.6511363636363636 0.08647058823529412 0.011363636363636364
0 0.15235294117647058 0.8793181818181818 0.04 0.011363636363636364
