0 0.5344117647058824 0.3597727272727273 0.061764705882352944 0.018636363636363635
0 0.445 0.405 0.15470588235294117 0.019090909090909092
0 0.793235294117647 0.3825 0.10176470588235294 0.018636363636363635
0 0.75 0.4047727272727273 0.2388235294117647 0.018636363636363635
0 0.7864705882352941 0.25045454545454543 0.05529411764705883 0.019090909090909092
0 0.6702941176470588 0.3597727272727273 0.07941176470588235 0.018636363636363635
0 0.8264705882352941 0.3597727272727273 0.16823529411764707 0.018636363636363635
0 0.42411764705882354 0.3820454545454545 0.11294117647058824 0.019545454545454546
0 0.5576470588235294 0.3825 0.10823529411764705 0.018636363636363635
0 0.7126470588235294 0.25045454545454543 0.061764705882352944 0.019090909090909092
0 0.6791176470588235 0.3825 0.09705882352941177 0.018636363636363635
0 0.4244117647058824 0.3597727272727273 0.11352941176470588 0.018636363636363635
