0 0.523235294117647 0.8838636363636364 0.03705882352941176 0.011363636363636364
0 0.46588235294117647 0.3634090909090909 0.04 0.011363636363636364
0 0.40705882352941175 0.3484090909090909 0.04 0.011363636363636364
0 0.28941176470588237 0.45431818181818184 0.04 0.011363636363636364
0 0.2858823529411765 0.8681818181818182 0.03294117647058824 0.011818181818181818
0 0.2847058823529412 0.8986363636363637 0.03058823529411765 0.012727272727272728
0 0.5835294117647059 0.4088636363636364 0.04 0.011363636363636364
0 0.46441176470588236 0.7929545454545455 0.03705882352941176 0.011363636363636364
0 0.34823529411764703 0.3634090909090909 0.04 0.011363636363636364
0 0.28941176470588237 0.39431818181818185 0.04 0.011363636363636364
0 0.5247058823529411 0.5602272727272727 0.04 0.011363636363636364
0 0.34823529411764703 0.5756818181818182 0.04 0.011363636363636364
0 0.46588235294117647 0.5602272727272727 0.04 0.011363636363636364
0 0.34823529411764703 0.39431818181818185 0.04 0.011363636363636364
0 0.28941176470588237 0.43931818181818183 0.04 0.011363636363636364
0 0.28941176470588237 0.5302272727272728 0.04 0.011363636363636364
0 0.40705882352941175 0.39431818181818185 0.04 0.011363636363636364
0 0.28647058823529414 0.10068181818181818 0.05176470588235294 0.011363636363636364
0 0.28941176470588237 0.49977272727272726 0.04 0.011363636363636364
0 0.28941176470588237 0.33386363636363636 0.04 0.011363636363636364
0 0.5473529411764706 0.11568181818181818 0.06411764705882353 0.011363636363636364
0 0.10441176470588236 0.7790909090909091 0.0688235294117647 0.01
0 0.34823529411764703 0.4088636363636364 0.04 0.011363636363636364
0 0.28941176470588237 0.5147727272727273 0.04 0.011363636363636364
0 0.28941176470588237 0.5756818181818182 0.04 0.011363636363636364
0 0.40705882352941175 0.4238636363636364 0.04 0.011363636363636364
0 0.28647058823529414 0.07022727272727272 0.05176470588235294 0.011363636363636364
0 0.3614705882352941 0.11568181818181818 0.045294117647058825 0.011363636363636364
0 0.28647058823529414 0.08522727272727272 0.05176470588235294 0.011363636363636364
0 0.285 0.913409090909091 0.031176470588235295 0.012272727272727272
0 0.3467647058823529 0.8838636363636364 0.03705882352941176 0.011363636363636364
0 0.523235294117647 0.8688636363636364 0.03705882352941176 0.011363636363636364
0 0.40705882352941175 0.49977272727272726 0.04 0.011363636363636364
0 0.3467647058823529 0.7929545454545455 0.03705882352941176 0.011363636363636364
0 0.40705882352941175 0.4088636363636364 0.04 0.011363636363636364
0 0.34823529411764703 0.5452272727272728 0.04 0.011363636363636364
0 0.5247058823529411 0.3484090909090909 0.04 0.011363636363636364
0 0.40558823529411764 0.7929545454545455 0.03705882352941176 0.011363636363636364
0 0.3467647058823529 0.9143181818181818 0.03705882352941176 0.011363636363636364
0 0.5247058823529411 0.45431818181818184 0.04 0.011363636363636364
0 0.40558823529411764 0.8534090909090909 0.03705882352941176 0.011363636363636364
0 0.5247058823529411 0.31795454545454543 0.04 0.011363636363636364
0 0.40705882352941175 0.4847727272727273 0.04 0.011363636363636364
0 0.5835294117647059 0.33295454545454545 0.04 0.011363636363636364
0 0.5247058823529411 0.4693181818181818 0.04 0.011363636363636364
0 0.46441176470588236 0.8384090909090909 0.03705882352941176 0.011363636363636364
0 0.46441176470588236 0.9290909090909091 0.03705882352941176 0.01090909090909091
0 0.4455882352941177 0.07022727272727272 0.07588235294117647 0.011363636363636364
0 0.46588235294117647 0.5302272727272728 0.04 0.011363636363636364
0 0.5835294117647059 0.3784090909090909 0.04 0.011363636363636364
0 0.4455882352941177 0.11568181818181818 0.07588235294117647 0.011363636363636364
0 0.28941176470588237 0.4238636363636364 0.04 0.011363636363636364
0 0.4455882352941177 0.10068181818181818 0.07588235294117647 0.011363636363636364
0 0.40705882352941175 0.3784090909090909 0.04 0.011363636363636364
0 0.10294117647058823 0.30272727272727273 0.06823529411764706 0.01
0 0.3467647058823529 0.8384090909090909 0.03705882352941176 0.011363636363636364
0 0.5247058823529411 0.33295454545454545 0.04 0.011363636363636364
0 0.5835294117647059 0.4847727272727273 0.04 0.011363636363636364
0 0.34823529411764703 0.45431818181818184 0.04 0.011363636363636364
0 0.40558823529411764 0.9143181818181818 0.03705882352941176 0.011363636363636364
0 0.34823529411764703 0.5147727272727273 0.04 0.011363636363636364
0 0.46441176470588236 0.8838636363636364 0.03705882352941176 0.011363636363636364
0 0.46588235294117647 0.4238636363636364 0.04 0.011363636363636364
0 0.28941176470588237 0.5452272727272728 0.04 0.011363636363636364
0 0.5835294117647059 0.4238636363636364 0.04 0.011363636363636364
0 0.523235294117647 0.8534090909090909 0.03705882352941176 0.011363636363636364
0 0.523235294117647 0.8234090909090909 0.03705882352941176 0.011363636363636364
0 0.40558823529411764 0.8688636363636364 0.03705882352941176 0.011363636363636364
0 0.46588235294117647 0.4693181818181818 0.04 0.011363636363636364
0 0.5247058823529411 0.5302272727272728 0.04 0.011363636363636364
0 0.2847058823529412 0.8384090909090909 0.03058823529411765 0.011363636363636364
0 0.40705882352941175 0.3634090909090909 0.04 0.011363636363636364
0 0.28941176470588237 0.5602272727272727 0.04 0.011363636363636364
0 0.5247058823529411 0.5756818181818182 0.04 0.011363636363636364
0 0.5835294117647059 0.3484090909090909 0.04 0.011363636363636364
0 0.3467647058823529 0.8988636363636363 0.03705882352941176 0.011363636363636364
0 0.5835294117647059 0.5756818181818182 0.04 0.011363636363636364
0 0.2852941176470588 0.7929545454545455 0.03176470588235294 0.011363636363636364
0 0.34823529411764703 0.5302272727272728 0.04 0.011363636363636364
0 0.3614705882352941 0.08522727272727272 0.045294117647058825 0.011363636363636364
0 0.34823529411764703 0.3484090909090909 0.04 0.011363636363636364
0 0.15764705882352942 0.6088636363636364 0.03882352941176471 0.011363636363636364
0 0.46441176470588236 0.8234090909090909 0.03705882352941176 0.011363636363636364
0 0.285 0.8838636363636364 0.031176470588235295 0.011363636363636364
0 0.2858823529411765 0.8079545454545455 0.03294117647058824 0.011363636363636364
0 0.5473529411764706 0.10068181818181818 0.06411764705882353 0.011363636363636364
0 0.40705882352941175 0.5302272727272728 0.04 0.011363636363636364
0 0.5247058823529411 0.39431818181818185 0.04 0.011363636363636364
0 0.40705882352941175 0.31795454545454543 0.04 0.011363636363636364
0 0.28941176470588237 0.3484090909090909 0.04 0.011363636363636364
0 0.40705882352941175 0.4693181818181818 0.04 0.011363636363636364
0 0.46588235294117647 0.49977272727272726 0.04 0.011363636363636364
0 0.40558823529411764 0.8079545454545455 0.03705882352941176 0.011363636363636364
0 0.28941176470588237 0.3638636363636364 0.04 0.011363636363636364
0 0.3467647058823529 0.9290909090909091 0.03705882352941176 0.01090909090909091
0 0.3614705882352941 0.07022727272727272 0.045294117647058825 0.011363636363636364
0 0.40558823529411764 0.9290909090909091 0.03705882352941176 0.01090909090909091
0 0.5247058823529411 0.4847727272727273 0.04 0.011363636363636364
0 0.40705882352941175 0.5147727272727273 0.04 0.011363636363636364
0 0.40558823529411764 0.8384090909090909 0.03705882352941176 0.011363636363636364
0 0.46441176470588236 0.8688636363636364 0.03705882352941176 0.011363636363636364
0 0.5247058823529411 0.4238636363636364 0.04 0.011363636363636364
0 0.5835294117647059 0.49977272727272726 0.04 0.011363636363636364
0 0.46588235294117647 0.3484090909090909 0.04 0.011363636363636364
0 0.5835294117647059 0.5602272727272727 0.04 0.011363636363636364
0 0.40705882352941175 0.5452272727272728 0.04 0.011363636363636364
0 0.3467647058823529 0.8534090909090909 0.03705882352941176 0.011363636363636364
0 0.5247058823529411 0.4088636363636364 0.04 0.011363636363636364
0 0.523235294117647 0.7929545454545455 0.03705882352941176 0.011363636363636364
0 0.46588235294117647 0.4847727272727273 0.04 0.011363636363636364
0 0.523235294117647 0.8988636363636363 0.03705882352941176 0.011363636363636364
0 0.523235294117647 0.8079545454545455 0.03705882352941176 0.011363636363636364
0 0.40558823529411764 0.8838636363636364 0.03705882352941176 0.011363636363636364
0 0.5247058823529411 0.49977272727272726 0.04 0.011363636363636364
0 0.5835294117647059 0.31795454545454543 0.04 0.011363636363636364
0 0.3467647058823529 0.8079545454545455 0.03705882352941176 0.011363636363636364
0 0.5247058823529411 0.5452272727272728 0.04 0.011363636363636364
0 0.28941176470588237 0.4847727272727273 0.04 0.011363636363636364
0 0.28941176470588237 0.4693181818181818 0.04 0.011363636363636364
0 0.40558823529411764 0.8234090909090909 0.03705882352941176 0.011363636363636364
0 0.34823529411764703 0.4847727272727273 0.04 0.011363636363636364
0 0.46441176470588236 0.8079545454545455 0.03705882352941176 0.011363636363636364
0 0.34823529411764703 0.33295454545454545 0.04 0.011363636363636364
0 0.5247058823529411 0.3784090909090909 0.04 0.011363636363636364
0 0.40705882352941175 0.45431818181818184 0.04 0.011363636363636364
0 0.40705882352941175 0.33295454545454545 0.04 0.011363636363636364
0 0.34823529411764703 0.5602272727272727 0.04 0.011363636363636364
0 0.46588235294117647 0.31795454545454543 0.04 0.011363636363636364
0 0.46441176470588236 0.8988636363636363 0.03705882352941176 0.011363636363636364
0 0.5473529411764706 0.08522727272727272 0.06411764705882353 0.011363636363636364
0 0.5473529411764706 0.07022727272727272 0.06411764705882353 0.011363636363636364
0 0.3614705882352941 0.10068181818181818 0.045294117647058825 0.011363636363636364
0 0.34823529411764703 0.43931818181818183 0.04 0.011363636363636364
0 0.28647058823529414 0.11568181818181818 0.05176470588235294 0.011363636363636364
0 0.46441176470588236 0.8534090909090909 0.03705882352941176 0.011363636363636364
0 0.5835294117647059 0.45431818181818184 0.04 0.011363636363636364
0 0.40705882352941175 0.5602272727272727 0.04 0.011363636363636364
0 0.5835294117647059 0.5302272727272728 0.04 0.011363636363636364
0 0.40705882352941175 0.43931818181818183 0.04 0.011363636363636364
0 0.40705882352941175 0.5756818181818182 0.04 0.011363636363636364
0 0.3467647058823529 0.8688636363636364 0.03705882352941176 0.011363636363636364
0 0.46588235294117647 0.3784090909090909 0.04 0.011363636363636364
0 0.5835294117647059 0.4693181818181818 0.04 0.011363636363636364
0 0.46441176470588236 0.9143181818181818 0.03705882352941176 0.011363636363636364
0 0.34823529411764703 0.49977272727272726 0.04 0.011363636363636364
0 0.34823529411764703 0.4693181818181818 0.04 0.011363636363636364
0 0.40558823529411764 0.8988636363636363 0.03705882352941176 0.011363636363636364
0 0.34823529411764703 0.31795454545454543 0.04 0.011363636363636364
0 0.5247058823529411 0.5147727272727273 0.04 0.011363636363636364
0 0.46588235294117647 0.5452272727272728 0.04 0.011363636363636364
0 0.3467647058823529 0.8234090909090909 0.03705882352941176 0.011363636363636364
0 0.34823529411764703 0.3784090909090909 0.04 0.011363636363636364
0 0.285 0.8534090909090909 0.031176470588235295 0.011363636363636364
0 0.2858823529411765 0.928409090909091 0.03294117647058824 0.013181818181818182
0 0.34823529411764703 0.4238636363636364 0.04 0.011363636363636364
0 0.5835294117647059 0.5147727272727273 0.04 0.011363636363636364
0 0.46588235294117647 0.5756818181818182 0.04 0.011363636363636364
0 0.28941176470588237 0.31795454545454543 0.04 0.011363636363636364
0 0.523235294117647 0.9143181818181818 0.03705882352941176 0.011363636363636364
0 0.46588235294117647 0.33295454545454545 0.04 0.011363636363636364
0 0.46588235294117647 0.43931818181818183 0.04 0.011363636363636364
0 0.46588235294117647 0.39431818181818185 0.04 0.011363636363636364
0 0.09147058823529412 0.6088636363636364 0.04411764705882353 0.011363636363636364
0 0.46588235294117647 0.4088636363636364 0.04 0.011363636363636364
0 0.5247058823529411 0.43931818181818183 0.04 0.011363636363636364
0 0.28941176470588237 0.3784090909090909 0.04 0.011363636363636364
0 0.46588235294117647 0.45431818181818184 0.04 0.011363636363636364
0 0.4455882352941177 0.08522727272727272 0.07588235294117647 0.011363636363636364
0 0.5835294117647059 0.39431818181818185 0.04 0.011363636363636364
0 0.28941176470588237 0.4088636363636364 0.04 0.011363636363636364
0 0.5835294117647059 0.5452272727272728 0.04 0.011363636363636364
0 0.523235294117647 0.8384090909090909 0.03705882352941176 0.011363636363636364
0 0.523235294117647 0.9290909090909091 0.03705882352941176 0.01090909090909091
0 0.5247058823529411 0.3634090909090909 0.04 0.011363636363636364
0 0.5835294117647059 0.43931818181818183 0.04 0.011363636363636364
0 0.2858823529411765 0.8229545454545455 0.03294117647058824 0.011363636363636364
0 0.46588235294117647 0.5147727272727273 0.04 0.011363636363636364
0 0.5835294117647059 0.3634090909090909 0.04 0.011363636363636364
