0 0.23323529411764707 0.5579545454545455 0.28058823529411764 0.011363636363636364
0 0.15529411764705883 0.7856818181818181 0.12470588235294118 0.011363636363636364
0 0.21794117647058822 0.8765909090909091 0.25 0.011363636363636364
0 0.15735294117647058 0.43704545454545457 0.1288235294117647 0.011363636363636364
0 0.44794117647058823 0.36113636363636364 0.3770588235294118 0.015
0 0.1338235294117647 0.7247727272727272 0.08176470588235295 0.011363636363636364
0 0.13470588235294118 0.25522727272727275 0.08352941176470588 0.011363636363636364
0 0.12676470588235295 0.4975 0.06764705882352941 0.011363636363636364
0 0.21529411764705883 0.37613636363636366 0.2447058823529412 0.011363636363636364
0 0.13676470588235295 0.7402272727272727 0.08764705882352941 0.011363636363636364
0 0.15676470588235294 0.7552272727272727 0.12764705882352942 0.011363636363636364
0 0.1923529411764706 0.3306818181818182 0.042352941176470586 0.011363636363636364
0 0.12088235294117647 0.8915909090909091 0.05588235294117647 0.011363636363636364
0 0.22470588235294117 0.5429545454545455 0.2635294117647059 0.011363636363636364
0 0.08705882352941176 0.6947727272727273 0.047058823529411764 0.011363636363636364
0 0.14676470588235294 0.8611363636363636 0.10764705882352942 0.011363636363636364
0 0.2876470588235294 0.30068181818181816 0.15411764705882353 0.011363636363636364
0 0.08235294117647059 0.0875 0.047058823529411764 0.011363636363636364
0 0.15735294117647058 0.23977272727272728 0.07 0.011363636363636364
0 0.3161764705882353 0.13295454545454546 0.45588235294117646 0.015
0 0.15558823529411764 0.4065909090909091 0.12529411764705883 0.011363636363636364
0 0.2185294117647059 0.36113636363636364 0.054705882352941174 0.011363636363636364
0 0.15441176470588236 0.4825 0.12294117647058823 0.011363636363636364
0 0.2511764705882353 0.23977272727272728 0.0811764705882353 0.011363636363636364
0 0.15294117647058825 0.17931818181818182 0.041176470588235294 0.011363636363636364
0 0.15294117647058825 0.6947727272727273 0.041176470588235294 0.011363636363636364
0 0.13529411764705881 0.8006818181818182 0.08470588235294117 0.011363636363636364
0 0.42470588235294116 0.1175 0.2223529411764706 0.011363636363636364
0 0.26676470588235296 0.7702272727272728 0.3476470588235294 0.011363636363636364
0 0.27794117647058825 0.2702272727272727 0.37 0.011363636363636364
0 0.14647058823529413 0.36113636363636364 0.04823529411764706 0.011363636363636364
0 0.1411764705882353 0.3302272727272727 0.03764705882352941 0.015
0 0.13294117647058823 0.8461363636363637 0.08 0.011363636363636364
0 0.2252941176470588 0.20977272727272728 0.2647058823529412 0.011363636363636364
0 0.14794117647058824 0.0875 0.04176470588235294 0.011363636363636364
0 0.1323529411764706 0.42159090909090907 0.07882352941176471 0.011363636363636364
0 0.11941176470588236 0.6034090909090909 0.052941176470588235 0.011363636363636364
0 0.17558823529411766 0.5279545454545455 0.1652941176470588 0.011363636363636364
0 0.18794117647058822 0.1175 0.19941176470588234 0.011363636363636364
0 0.15735294117647058 0.30068181818181816 0.07 0.011363636363636364
0 0.4591176470588235 0.45204545454545453 0.7323529411764705 0.011363636363636364
0 0.12352941176470589 0.3915909090909091 0.0611764705882353 0.011363636363636364
0 0.15529411764705883 0.46704545454545454 0.12470588235294118 0.011363636363636364
0 0.14705882352941177 0.5125 0.10823529411764705 0.011363636363636364
0 0.26294117647058823 0.3306818181818182 0.08470588235294117 0.011363636363636364
0 0.08705882352941176 0.17931818181818182 0.047058823529411764 0.011363636363636364
