0 0.6352941176470588 0.7865909090909091 0.023529411764705882 0.015
0 0.5391176470588235 0.8861363636363636 0.019411764705882354 0.015
0 0.5623529411764706 0.7865909090909091 0.023529411764705882 0.015
0 0.4823529411764706 0.7875 0.023529411764705882 0.015
0 0.6 0.7870454545454545 0.023529411764705882 0.015
0 0.6805882352941176 0.7870454545454545 0.023529411764705882 0.015
0 0.3952941176470588 0.8861363636363636 0.015294117647058824 0.015
0 0.7052941176470588 0.3406818181818182 0.015294117647058824 0.015
0 0.5170588235294118 0.7870454545454545 0.023529411764705882 0.015
0 0.39647058823529413 0.7870454545454545 0.023529411764705882 0.015
0 0.44529411764705884 0.7870454545454545 0.023529411764705882 0.015
0 0.5958823529411764 0.3406818181818182 0.015294117647058824 0.015
0 0.3523529411764706 0.788409090909091 0.023529411764705882 0.015
0 0.23323529411764707 0.8861363636363636 0.019411764705882354 0.015
