0 0.0861764705882353 0.31727272727272726 0.028823529411764706 0.016363636363636365
0 0.8391176470588235 0.5936363636363636 0.028823529411764706 0.016363636363636365
0 0.9120588235294118 0.5645454545454546 0.028823529411764706 0.016363636363636365
0 0.8391176470588235 0.5059090909090909 0.028823529411764706 0.016363636363636365
0 0.9120588235294118 0.5936363636363636 0.028823529411764706 0.016363636363636365
0 0.9120588235294118 0.6227272727272727 0.028823529411764706 0.016363636363636365
0 0.9120588235294118 0.5354545454545454 0.028823529411764706 0.016363636363636365
0 0.08735294117647059 0.3409090909090909 0.028823529411764706 0.016363636363636365
0 0.8391176470588235 0.5354545454545454 0.028823529411764706 0.016363636363636365
0 0.8391176470588235 0.6227272727272727 0.028823529411764706 0.016363636363636365
0 0.08735294117647059 0.29409090909090907 0.028823529411764706 0.016363636363636365
0 0.9120588235294118 0.5059090909090909 0.028823529411764706 0.016363636363636365
0 0.06 0.7381818181818182 0.029411764705882353 0.022727272727272728
0 0.8391176470588235 0.5645454545454546 0.028823529411764706 0.016363636363636365
0 0.40441176470588236 0.4768181818181818 0.028823529411764706 0.016363636363636365
0 0.6091176470588235 0.4768181818181818 0.028823529411764706 0.016363636363636365
