0 0.36264705882352943 0.663409090909091 0.018235294117647058 0.015909090909090907
0 0.2564705882352941 0.4734090909090909 0.01764705882352941 0.015909090909090907
0 0.13411764705882354 0.4734090909090909 0.01764705882352941 0.015909090909090907
0 0.6379411764705882 0.5915909090909091 0.018235294117647058 0.015909090909090907
0 0.6379411764705882 0.6275 0.018235294117647058 0.015909090909090907
0 0.36264705882352943 0.6325 0.018235294117647058 0.015909090909090907
0 0.12588235294117647 0.5915909090909091 0.01764705882352941 0.015909090909090907
0 0.12588235294117647 0.663409090909091 0.01764705882352941 0.015909090909090907
0 0.12588235294117647 0.7006818181818182 0.01764705882352941 0.015909090909090907
0 0.6379411764705882 0.663409090909091 0.018235294117647058 0.015909090909090907
0 0.36264705882352943 0.7006818181818182 0.018235294117647058 0.015909090909090907
0 0.36264705882352943 0.5975 0.018235294117647058 0.015909090909090907
0 0.12588235294117647 0.6275 0.01764705882352941 0.015909090909090907
