0 0.2958823529411765 0.43454545454545457 0.01647058823529412 0.012727272727272728
0 0.48411764705882354 0.5668181818181818 0.011764705882352941 0.007272727272727273
0 0.0738235294117647 0.695 0.022941176470588236 0.016363636363636365
0 0.135 0.5663636363636364 0.01 0.007272727272727273
0 0.075 0.6668181818181819 0.020588235294117647 0.01090909090909091
0 0.5476470588235294 0.6677272727272727 0.01647058823529412 0.012727272727272728
0 0.5652941176470588 0.43477272727272726 0.018823529411764704 0.015909090909090907
0 0.06764705882352941 0.8929545454545454 0.01647058823529412 0.013181818181818182
0 0.06705882352941177 0.9131818181818182 0.01411764705882353 0.012727272727272728
0 0.12441176470588235 0.46386363636363637 0.017058823529411765 0.015909090909090907
0 0.46 0.435 0.018823529411764704 0.016363636363636365
