0 0.595 0.06909090909090909 0.014705882352941176 0.01
0 0.041176470588235294 0.265 0.012941176470588235 0.01
0 0.3044117647058823 0.43772727272727274 0.013529411764705882 0.00909090909090909
0 0.28088235294117647 0.10113636363636364 0.012352941176470587 0.009545454545454546
0 0.48294117647058826 0.43795454545454543 0.01411764705882353 0.011363636363636364
0 0.04323529411764706 0.11659090909090909 0.012352941176470587 0.008636363636363636
0 0.13941176470588235 0.43795454545454543 0.01411764705882353 0.011363636363636364
0 0.04264705882352941 0.1484090909090909 0.013529411764705882 0.010454545454545454
0 0.5732352941176471 0.43795454545454543 0.014705882352941176 0.011363636363636364
0 0.04147058823529412 0.2809090909090909 0.013529411764705882 0.01090909090909091
0 0.04176470588235294 0.29613636363636364 0.012941176470588235 0.009545454545454546
0 0.25088235294117645 0.20545454545454545 0.014705882352941176 0.01
0 0.2485294117647059 0.43795454545454543 0.014705882352941176 0.011363636363636364
0 0.3297058823529412 0.34136363636363637 0.013529411764705882 0.01
0 0.30617647058823527 0.205 0.013529411764705882 0.01090909090909091
0 0.2811764705882353 0.08545454545454545 0.012941176470588235 0.01
0 0.04294117647058823 0.13295454545454546 0.01411764705882353 0.009545454545454546
0 0.04147058823529412 0.37318181818181817 0.013529411764705882 0.01
0 0.793235294117647 0.4384090909090909 0.014705882352941176 0.011363636363636364
0 0.04264705882352941 0.06909090909090909 0.013529411764705882 0.00909090909090909
0 0.2802941176470588 0.13295454545454546 0.013529411764705882 0.009545454545454546
0 0.19147058823529411 0.4375 0.014705882352941176 0.011363636363636364
0 0.04147058823529412 0.24909090909090909 0.013529411764705882 0.00909090909090909
0 0.13323529411764706 0.20522727272727273 0.013529411764705882 0.010454545454545454
0 0.04147058823529412 0.3884090909090909 0.013529411764705882 0.009545454545454546
0 0.7379411764705882 0.4384090909090909 0.014705882352941176 0.010454545454545454
0 0.04294117647058823 0.10068181818181818 0.01411764705882353 0.010454545454545454
0 0.28088235294117647 0.11681818181818182 0.013529411764705882 0.01
0 0.07735294117647058 0.20522727272727273 0.012352941176470587 0.009545454545454546
0 0.2811764705882353 0.06954545454545455 0.012941176470588235 0.01090909090909091
0 0.7326470588235294 0.46386363636363637 0.013529411764705882 0.010454545454545454
0 0.04294117647058823 0.085 0.012941176470588235 0.00909090909090909
0 0.041176470588235294 0.34136363636363637 0.012941176470588235 0.00909090909090909
0 0.28088235294117647 0.14909090909090908 0.014705882352941176 0.01
0 0.04147058823529412 0.3572727272727273 0.012352941176470587 0.00909090909090909
0 0.32941176470588235 0.24977272727272729 0.012941176470588235 0.009545454545454546
0 0.6776470588235294 0.4634090909090909 0.01411764705882353 0.009545454545454546
