0 0.10264705882352941 0.24886363636363637 0.020588235294117647 0.015909090909090907
0 0.10764705882352942 0.5509090909090909 0.018823529411764704 0.015454545454545455
0 0.10764705882352942 0.6118181818181818 0.018823529411764704 0.015454545454545455
0 0.10205882352941177 0.30863636363636365 0.02176470588235294 0.014545454545454545
0 0.10764705882352942 0.5818181818181818 0.018823529411764704 0.015454545454545455
0 0.10264705882352941 0.2781818181818182 0.020588235294117647 0.015454545454545455
0 0.7020588235294117 0.4456818181818182 0.020588235294117647 0.01681818181818182
0 0.054705882352941174 0.17295454545454544 0.02235294117647059 0.014090909090909091
0 0.2323529411764706 0.1725 0.018823529411764704 0.013181818181818182
0 0.5605882352941176 0.4440909090909091 0.01647058823529412 0.012727272727272728
