0 0.7846339987900787 0.8678922616502779 0.014519056261343012 0.010260795211628902
0 0.7782819116757411 0.4444206926036768 0.015124016938898971 0.010688328345446772
0 0.8593466424682396 0.30782385634886705 0.017543859649122806 0.010260795211628902
0 0.8593466424682396 0.6605386917486105 0.017543859649122806 0.010260795211628902
0 0.8650937689050212 0.844377939290295 0.01572897761645493 0.00940572894399316
0 0.8590441621294616 0.3926891834117144 0.014519056261343012 0.00983326207781103
0 0.7782819116757411 0.15519452757588714 0.015124016938898971 0.010260795211628902
0 0.7782819116757411 0.39290294997862335 0.015124016938898971 0.011115861479264643
0 0.8596491228070176 0.19623770842240273 0.018148820326678767 0.010260795211628902
0 0.778886872353297 0.4185549380076956 0.016333938294010888 0.010260795211628902
0 0.8593466424682396 0.15519452757588714 0.015124016938898971 0.010260795211628902
0 0.8593466424682396 0.4450619923044036 0.016333938294010888 0.010260795211628902
0 0.8656987295825771 0.8208636169303121 0.014519056261343012 0.010260795211628902
0 0.778886872353297 0.5305686190679778 0.016333938294010888 0.010260795211628902
0 0.8593466424682396 0.47071398033347583 0.016333938294010888 0.010260795211628902
0 0.7779794313369631 0.3304831124412142 0.014519056261343012 0.010260795211628902
0 0.7855414398064126 0.844377939290295 0.016333938294010888 0.00940572894399316
0 0.8581367211131277 0.4189824711415135 0.016333938294010888 0.011115861479264643
0 0.778886872353297 0.2706284737067123 0.016333938294010888 0.011115861479264643
0 0.779189352692075 0.6598973920478837 0.01572897761645493 0.011543394613082514
0 0.779189352692075 0.4709277469003848 0.01572897761645493 0.00983326207781103
0 0.778886872353297 0.19623770842240273 0.016333938294010888 0.010260795211628902
0 0.778584392014519 0.30739632321504917 0.014519056261343012 0.00940572894399316
0 0.8599516031457956 0.331124412141941 0.016333938294010888 0.010688328345446772
0 0.779189352692075 0.2479692176143651 0.01572897761645493 0.011115861479264643
0 0.8599516031457956 0.5301410859341599 0.016333938294010888 0.010260795211628902
0 0.8584392014519057 0.6960239418554938 0.01572897761645493 0.011115861479264643
0 0.8581367211131277 0.4946558358272766 0.016333938294010888 0.010260795211628902
0 0.778584392014519 0.6231295425395468 0.01693889897156685 0.011543394613082514
0 0.778886872353297 0.49444206926036766 0.016333938294010888 0.011543394613082514
0 0.8584392014519057 0.6237708422402736 0.01693889897156685 0.010260795211628902
0 0.8656987295825771 0.8678922616502779 0.014519056261343012 0.010260795211628902
0 0.7849364791288567 0.7969217614365113 0.015124016938898971 0.010260795211628902
0 0.8587416817906836 0.27105600684053016 0.016333938294010888 0.010260795211628902
0 0.8590441621294616 0.2479692176143651 0.014519056261343012 0.010260795211628902
0 0.8656987295825771 0.7969217614365113 0.01693889897156685 0.010260795211628902
0 0.779189352692075 0.6968790081231295 0.01572897761645493 0.010260795211628902
0 0.7855414398064126 0.8200085506626763 0.016333938294010888 0.00940572894399316
