0 0.8644888082274652 0.8770842240273621 0.04597701149425287 0.029499786233433092
0 0.8998790078644888 0.3781530568619068 0.023593466424682397 0.014963659683625482
0 0.8986690865093769 0.44228302693458743 0.02117362371445856 0.01410859341598974
0 0.7810042347247429 0.3787943565626336 0.024198427102238355 0.015391192817443352
0 0.8103448275862069 0.8796494228302694 0.038112522686025406 0.030354852501068834
0 0.7813067150635209 0.4209063702436939 0.019963702359346643 0.012398460880718255
0 0.8983666061705989 0.5061992304403591 0.021778584392014518 0.013681060282171868
0 0.7810042347247429 0.506412997007268 0.019358741681790685 0.01410859341598974
0 0.8995765275257108 0.3371098760153912 0.019358741681790685 0.014963659683625482
0 0.9198427102238355 0.8766566908935443 0.04658197217180883 0.029499786233433092
0 0.8989715668481548 0.5271483539974348 0.021778584392014518 0.013681060282171868
0 0.7813067150635209 0.33732364258230013 0.023593466424682397 0.015391192817443352
0 0.7822141560798548 0.35784523300555793 0.021778584392014518 0.015391192817443352
0 0.7810042347247429 0.3997434801197093 0.019358741681790685 0.013681060282171868
0 0.8983666061705989 0.3584865327062847 0.021778584392014518 0.013253527148353997
0 0.8986690865093769 0.3993159469858914 0.02238354506957048 0.013681060282171868
0 0.7810042347247429 0.4420692603676785 0.019358741681790685 0.013681060282171868
0 0.8983666061705989 0.42005130397605817 0.021778584392014518 0.013253527148353997
0 0.7813067150635209 0.5271483539974348 0.019963702359346643 0.013681060282171868
