0 0.8566243194192378 0.612654980761009 0.018148820326678767 0.012825994014536126
0 0.7888687235329703 0.6879008123129543 0.018148820326678767 0.012825994014536126
0 0.7876588021778584 0.38392475416844807 0.018148820326678767 0.012825994014536126
0 0.690865093768905 0.5917058572039333 0.024198427102238355 0.011115861479264643
0 0.690865093768905 0.5741769987174006 0.024198427102238355 0.011115861479264643
0 0.8566243194192378 0.38392475416844807 0.018148820326678767 0.012825994014536126
0 0.6575922565033273 0.5917058572039333 0.024198427102238355 0.011115861479264643
0 0.7870538415003024 0.1569046601111586 0.018148820326678767 0.012825994014536126
0 0.7870538415003024 0.23300555793073963 0.018148820326678767 0.012825994014536126
0 0.8566243194192378 0.5532278751603249 0.018148820326678767 0.012825994014536126
0 0.7870538415003024 0.17571611799914494 0.018148820326678767 0.012825994014536126
0 0.38898971566848156 0.48289867464728514 0.024198427102238355 0.010688328345446772
0 0.3563218390804598 0.4831124412141941 0.024198427102238355 0.011115861479264643
0 0.7870538415003024 0.21462163317657118 0.018148820326678767 0.012825994014536126
0 0.8578342407743497 0.6879008123129543 0.018148820326678767 0.012825994014536126
0 0.7876588021778584 0.31252672082086363 0.018148820326678767 0.012825994014536126
0 0.7876588021778584 0.612654980761009 0.018148820326678767 0.012825994014536126
0 0.8566243194192378 0.31252672082086363 0.018148820326678767 0.012825994014536126
0 0.7876588021778584 0.5532278751603249 0.018148820326678767 0.012825994014536126
0 0.6575922565033273 0.5741769987174006 0.024198427102238355 0.011115861479264643
