0 0.16411764705882353 0.8590909090909091 0.01411764705882353 0.012727272727272728
0 0.16323529411764706 0.8290909090909091 0.01588235294117647 0.01090909090909091
0 0.1652941176470588 0.7981818181818182 0.01647058823529412 0.014545454545454545
0 0.6647058823529411 0.6625 0.01647058823529412 0.013181818181818182
0 0.1652941176470588 0.769090909090909 0.01647058823529412 0.012727272727272728
0 0.6467647058823529 0.4572727272727273 0.018235294117647058 0.012727272727272728
0 0.165 0.7384090909090909 0.01588235294117647 0.012272727272727272
0 0.7591176470588236 0.6627272727272727 0.018235294117647058 0.013636363636363636
0 0.7761764705882352 0.4572727272727273 0.018235294117647058 0.012727272727272728
0 0.8526470588235294 0.6622727272727272 0.017058823529411765 0.012727272727272728
