0 0.8989715668481548 0.37238135955536555 0.02661826981246219 0.017101325352714837
0 0.9001814882032668 0.351004702864472 0.024198427102238355 0.015391192817443352
0 0.7825166364186328 0.3943993159469859 0.02601330913490623 0.01410859341598974
0 0.780096793708409 0.4142796066695169 0.02238354506957048 0.015391192817443352
0 0.9010889292196007 0.39290294997862335 0.02601330913490623 0.017101325352714837
0 0.7822141560798548 0.3516460025651988 0.021778584392014518 0.016673792218896963
0 0.8986690865093769 0.4365113296280462 0.02117362371445856 0.015391192817443352
0 0.7813067150635209 0.4356562633604104 0.019963702359346643 0.017101325352714837
0 0.7803992740471869 0.3738777255237281 0.02661826981246219 0.016673792218896963
0 0.8974591651542649 0.4142796066695169 0.023593466424682397 0.015391192817443352
