0 0.6920750151240169 0.3268490808037623 0.019358741681790685 0.010688328345446772
0 0.690865093768905 0.8067550235143224 0.01693889897156685 0.011970927746900385
0 0.6917725347852389 0.7208208636169303 0.019963702359346643 0.010260795211628902
0 0.6926799758015729 0.5519452757588713 0.01693889897156685 0.011970927746900385
0 0.8427102238354507 0.8054724241128688 0.01693889897156685 0.011970927746900385
0 0.6929824561403509 0.3745190252244549 0.02117362371445856 0.010260795211628902
0 0.8427102238354507 0.480119709277469 0.01693889897156685 0.011970927746900385
0 0.6929824561403509 0.28837109876015393 0.017543859649122806 0.012398460880718255
0 0.6926799758015729 0.8591278324070115 0.01693889897156685 0.010688328345446772
0 0.8418027828191168 0.589354424967935 0.015124016938898971 0.011543394613082514
0 0.8415003024803388 0.1327490380504489 0.019358741681790685 0.011543394613082514
0 0.8418027828191168 0.24134245404018811 0.019963702359346643 0.013253527148353997
0 0.6917725347852389 0.6955964087216759 0.018753781004234724 0.011970927746900385
0 0.8430127041742287 0.8591278324070115 0.02117362371445856 0.01410859341598974
0 0.6917725347852389 0.08486532706284737 0.015124016938898971 0.011543394613082514
0 0.6926799758015729 0.15583582727661394 0.01693889897156685 0.010688328345446772
0 0.8427102238354507 0.15519452757588714 0.01693889897156685 0.011970927746900385
0 0.8427102238354507 0.08507909362975631 0.01693889897156685 0.011970927746900385
0 0.8415003024803388 0.7821718683197948 0.019358741681790685 0.010688328345446772
0 0.8405928614640048 0.35014963659683623 0.017543859649122806 0.011970927746900385
0 0.8427102238354507 0.2013681060282172 0.01693889897156685 0.011970927746900385
0 0.690865093768905 0.7832407011543394 0.01693889897156685 0.011970927746900385
0 0.691470054446461 0.13210773834972211 0.014519056261343012 0.010260795211628902
0 0.6926799758015729 0.480119709277469 0.01693889897156685 0.011970927746900385
0 0.8439201451905626 0.5286447199657973 0.019358741681790685 0.013253527148353997
0 0.8427102238354507 0.5519452757588713 0.01693889897156685 0.011970927746900385
0 0.6929824561403509 0.5038477982043609 0.017543859649122806 0.011543394613082514
0 0.8415003024803388 0.8830696879008123 0.014519056261343012 0.010688328345446772
0 0.6929824561403509 0.8824283882000855 0.017543859649122806 0.011970927746900385
0 0.6926799758015729 0.5887131252672082 0.01693889897156685 0.010260795211628902
0 0.6926799758015729 0.7590850790936298 0.01693889897156685 0.011543394613082514
0 0.8427102238354507 0.26507054296707994 0.01693889897156685 0.010260795211628902
0 0.6917725347852389 0.10880718255664815 0.015124016938898971 0.011543394613082514
0 0.8418027828191168 0.7206070970500214 0.015124016938898971 0.010688328345446772
0 0.8427102238354507 0.5040615647712697 0.01693889897156685 0.011970927746900385
0 0.8402903811252269 0.6941000427533134 0.01693889897156685 0.011543394613082514
0 0.6917725347852389 0.5280034202650705 0.018753781004234724 0.011970927746900385
0 0.8408953418027828 0.28858486532706284 0.01693889897156685 0.011970927746900385
0 0.8418027828191168 0.7590850790936298 0.018753781004234724 0.012398460880718255
0 0.8405928614640048 0.3738777255237281 0.016333938294010888 0.011543394613082514
0 0.691470054446461 0.6344591705857204 0.019358741681790685 0.011970927746900385
0 0.691470054446461 0.26464300983326206 0.019358741681790685 0.011970927746900385
0 0.8427102238354507 0.10902094912355707 0.01693889897156685 0.011970927746900385
0 0.8402903811252269 0.6344591705857204 0.01693889897156685 0.011970927746900385
0 0.6926799758015729 0.2013681060282172 0.01693889897156685 0.011970927746900385
0 0.6917725347852389 0.24134245404018811 0.015124016938898971 0.010688328345446772
0 0.8418027828191168 0.3268490808037623 0.018753781004234724 0.010688328345446772
0 0.6926799758015729 0.35014963659683623 0.01693889897156685 0.011970927746900385
