0 0.8711433756805808 0.23749465583582727 0.019358741681790685 0.01410859341598974
0 0.7894736842105263 0.3191534843950406 0.01693889897156685 0.011543394613082514
0 0.7903811252268602 0.16866182129115007 0.017543859649122806 0.010688328345446772
0 0.7912885662431942 0.13039760581445062 0.019358741681790685 0.012825994014536126
0 0.8711433756805808 0.20671227020094057 0.01693889897156685 0.011543394613082514
0 0.8699334543254689 0.3182984181274049 0.018148820326678767 0.011543394613082514
0 0.8690260133091349 0.168875587858059 0.016333938294010888 0.012825994014536126
0 0.7909860859044162 0.2062847370671227 0.016333938294010888 0.011543394613082514
0 0.7900786448880823 0.28751603249251817 0.014519056261343012 0.011543394613082514
0 0.7903811252268602 0.23749465583582727 0.017543859649122806 0.01410859341598974
0 0.8711433756805808 0.13061137238135956 0.01572897761645493 0.011543394613082514
0 0.8708408953418028 0.28794356562633605 0.016333938294010888 0.012398460880718255
