0 0.10761789600967352 0.5904232578024797 0.02418379685610641 0.017101325352714837
0 0.10761789600967352 0.49123557075673363 0.02418379685610641 0.017101325352714837
0 0.2799274486094317 0.2704147071398033 0.02781136638452237 0.014963659683625482
0 0.3464328899637243 0.2704147071398033 0.02781136638452237 0.014963659683625482
0 0.10459492140266022 0.3116716545532279 0.022974607013301087 0.016246259085079092
0 0.10761789600967352 0.5476699444206926 0.02418379685610641 0.017101325352714837
0 0.5894800483675937 0.8343309106455751 0.02176541717049577 0.014963659683625482
0 0.3128778718258767 0.2704147071398033 0.02720677146311971 0.014963659683625482
0 0.10761789600967352 0.5690466011115861 0.02418379685610641 0.017101325352714837
0 0.3476420798065296 0.8343309106455751 0.02176541717049577 0.014963659683625482
0 0.10308343409915356 0.25138948268490807 0.02357920193470375 0.01881145788798632
0 0.10761789600967352 0.4352287302265926 0.02418379685610641 0.017101325352714837
0 0.10459492140266022 0.2159042325780248 0.022974607013301087 0.016246259085079092
0 0.10761789600967352 0.7652843095339888 0.02418379685610641 0.017101325352714837
0 0.41777509068923824 0.7424112868747328 0.02781136638452237 0.01581872595126122
0 0.10731559854897219 0.7218896964514749 0.022370012091898428 0.016673792218896963
0 0.45979443772672307 0.7424112868747328 0.028415961305925032 0.01581872595126122
0 0.10761789600967352 0.7007268063274904 0.02418379685610641 0.017101325352714837
0 0.10459492140266022 0.28986746472851643 0.022974607013301087 0.016246259085079092
0 0.501813784764208 0.7424112868747328 0.02781136638452237 0.01581872595126122
0 0.10701330108827085 0.4561778537836682 0.02418379685610641 0.017101325352714837
