0 0.8888235294117647 0.7040909090909091 0.012941176470588235 0.01
0 0.8888235294117647 0.5677272727272727 0.012941176470588235 0.01
0 0.8888235294117647 0.7195454545454546 0.012941176470588235 0.01
0 0.83 0.5677272727272727 0.012941176470588235 0.01
0 0.83 0.4618181818181818 0.012941176470588235 0.01
0 0.8888235294117647 0.4618181818181818 0.012941176470588235 0.01
0 0.11176470588235295 0.3859090909090909 0.012941176470588235 0.01
0 0.11176470588235295 0.4163636363636364 0.012941176470588235 0.01
0 0.8888235294117647 0.5072727272727273 0.012941176470588235 0.01
0 0.11176470588235295 0.40136363636363637 0.012941176470588235 0.01
0 0.83 0.5831818181818181 0.012941176470588235 0.01
0 0.8888235294117647 0.6286363636363637 0.012941176470588235 0.01
0 0.8888235294117647 0.5831818181818181 0.012941176470588235 0.01
0 0.83 0.6286363636363637 0.012941176470588235 0.01
0 0.83 0.7040909090909091 0.012941176470588235 0.01
0 0.83 0.5072727272727273 0.012941176470588235 0.01
0 0.83 0.7495454545454545 0.012941176470588235 0.01
0 0.8888235294117647 0.7495454545454545 0.012941176470588235 0.01
0 0.83 0.7195454545454546 0.012941176470588235 0.01
