0 0.7540909090909091 0.7747058823529411 0.015454545454545455 0.02
0 0.8631818181818182 0.8335294117647059 0.015454545454545455 0.02
0 0.6813636363636364 0.7747058823529411 0.015454545454545455 0.02
0 0.9359090909090909 0.8923529411764706 0.015454545454545455 0.02
0 0.49454545454545457 0.5982352941176471 0.015454545454545455 0.02
0 0.7177272727272728 0.5982352941176471 0.015454545454545455 0.02
0 0.8631818181818182 0.5982352941176471 0.015454545454545455 0.02
0 0.5359090909090909 0.5982352941176471 0.015454545454545455 0.02
0 0.6086363636363636 0.8923529411764706 0.015454545454545455 0.02
0 0.7904545454545454 0.8335294117647059 0.015454545454545455 0.02
0 0.5359090909090909 0.6570588235294118 0.015454545454545455 0.02
0 0.8268181818181818 0.6570588235294118 0.015454545454545455 0.02
0 0.9359090909090909 0.6570588235294118 0.015454545454545455 0.02
0 0.7904545454545454 0.7158823529411765 0.015454545454545455 0.02
0 0.7168181818181818 0.0888235294117647 0.015454545454545455 0.02
0 0.7540909090909091 0.5982352941176471 0.015454545454545455 0.02
0 0.49454545454545457 0.8923529411764706 0.015454545454545455 0.02
0 0.9359090909090909 0.7158823529411765 0.015454545454545455 0.02
0 0.645 0.7158823529411765 0.015454545454545455 0.02
0 0.645 0.6570588235294118 0.015454545454545455 0.02
0 0.5722727272727273 0.8923529411764706 0.015454545454545455 0.02
0 0.5722727272727273 0.7158823529411765 0.015454545454545455 0.02
0 0.5722727272727273 0.8335294117647059 0.015454545454545455 0.02
0 0.8995454545454545 0.8923529411764706 0.015454545454545455 0.02
0 0.8995454545454545 0.5982352941176471 0.015454545454545455 0.02
0 0.49454545454545457 0.7158823529411765 0.015454545454545455 0.02
0 0.645 0.5982352941176471 0.015454545454545455 0.02
0 0.9359090909090909 0.5982352941176471 0.015454545454545455 0.02
0 0.6813636363636364 0.7158823529411765 0.015454545454545455 0.02
0 0.7177272727272728 0.7747058823529411 0.015454545454545455 0.02
0 0.9359090909090909 0.8335294117647059 0.015454545454545455 0.02
0 0.8268181818181818 0.7747058823529411 0.015454545454545455 0.02
0 0.5359090909090909 0.8335294117647059 0.015454545454545455 0.02
0 0.7540909090909091 0.8335294117647059 0.015454545454545455 0.02
0 0.645 0.8923529411764706 0.015454545454545455 0.02
0 0.5722727272727273 0.6570588235294118 0.015454545454545455 0.02
0 0.8995454545454545 0.6570588235294118 0.015454545454545455 0.02
0 0.7540909090909091 0.7158823529411765 0.015454545454545455 0.02
0 0.6813636363636364 0.8923529411764706 0.015454545454545455 0.02
0 0.6086363636363636 0.8335294117647059 0.015454545454545455 0.02
0 0.6086363636363636 0.7158823529411765 0.015454545454545455 0.02
0 0.7904545454545454 0.8923529411764706 0.015454545454545455 0.02
0 0.6086363636363636 0.7747058823529411 0.015454545454545455 0.02
0 0.7177272727272728 0.6570588235294118 0.015454545454545455 0.02
0 0.7177272727272728 0.7158823529411765 0.015454545454545455 0.02
0 0.9359090909090909 0.7747058823529411 0.015454545454545455 0.02
0 0.7177272727272728 0.8923529411764706 0.015454545454545455 0.02
0 0.7168181818181818 0.12764705882352942 0.015454545454545455 0.02
0 0.6813636363636364 0.8335294117647059 0.015454545454545455 0.02
0 0.8631818181818182 0.6570588235294118 0.015454545454545455 0.02
0 0.8631818181818182 0.7158823529411765 0.015454545454545455 0.02
0 0.7904545454545454 0.5982352941176471 0.015454545454545455 0.02
0 0.8995454545454545 0.8335294117647059 0.015454545454545455 0.02
0 0.645 0.8335294117647059 0.015454545454545455 0.02
0 0.6086363636363636 0.6570588235294118 0.015454545454545455 0.02
0 0.5722727272727273 0.5982352941176471 0.015454545454545455 0.02
0 0.6813636363636364 0.5982352941176471 0.015454545454545455 0.02
0 0.8268181818181818 0.7158823529411765 0.015454545454545455 0.02
0 0.6813636363636364 0.6570588235294118 0.015454545454545455 0.02
0 0.8631818181818182 0.7747058823529411 0.015454545454545455 0.02
0 0.5722727272727273 0.7747058823529411 0.015454545454545455 0.02
0 0.5359090909090909 0.8923529411764706 0.015454545454545455 0.02
0 0.49454545454545457 0.8335294117647059 0.015454545454545455 0.02
0 0.5359090909090909 0.7158823529411765 0.015454545454545455 0.02
0 0.7904545454545454 0.6570588235294118 0.015454545454545455 0.02
0 0.5181818181818182 0.2797058823529412 0.01818181818181818 0.02411764705882353
0 0.6086363636363636 0.5982352941176471 0.015454545454545455 0.02
0 0.8631818181818182 0.8923529411764706 0.015454545454545455 0.02
0 0.7177272727272728 0.8335294117647059 0.015454545454545455 0.02
0 0.7540909090909091 0.6570588235294118 0.015454545454545455 0.02
0 0.8995454545454545 0.7158823529411765 0.015454545454545455 0.02
0 0.8995454545454545 0.7747058823529411 0.015454545454545455 0.02
0 0.8268181818181818 0.8923529411764706 0.015454545454545455 0.02
0 0.7540909090909091 0.8923529411764706 0.015454545454545455 0.02
0 0.5359090909090909 0.7747058823529411 0.015454545454545455 0.02
0 0.7904545454545454 0.7747058823529411 0.015454545454545455 0.02
0 0.8268181818181818 0.8335294117647059 0.015454545454545455 0.02
0 0.645 0.7747058823529411 0.015454545454545455 0.02
0 0.49454545454545457 0.7747058823529411 0.015454545454545455 0.02
0 0.49454545454545457 0.6570588235294118 0.015454545454545455 0.02
0 0.8268181818181818 0.5982352941176471 0.015454545454545455 0.02
