0 0.08147058823529411 0.05227272727272727 0.017058823529411765 0.013636363636363636
0 0.08852941176470588 0.4884090909090909 0.01588235294117647 0.012272727272727272
0 0.26588235294117646 0.1506818181818182 0.01647058823529412 0.011363636363636364
0 0.5355882352941177 0.3815909090909091 0.019411764705882354 0.015
0 0.08852941176470588 0.6888636363636363 0.01588235294117647 0.012272727272727272
0 0.4414705882352941 0.3820454545454545 0.01588235294117647 0.012272727272727272
0 0.08911764705882352 0.7534090909090909 0.01588235294117647 0.012272727272727272
0 0.08911764705882352 0.7156818181818182 0.01588235294117647 0.012272727272727272
0 0.08205882352941177 0.1506818181818182 0.01588235294117647 0.011363636363636364
0 0.08176470588235295 0.21863636363636363 0.01764705882352941 0.013636363636363636
0 0.0826470588235294 0.2952272727272727 0.01588235294117647 0.012272727272727272
0 0.08852941176470588 0.44295454545454543 0.01588235294117647 0.012272727272727272
0 0.2641176470588235 0.21931818181818183 0.01647058823529412 0.009545454545454546
0 0.17088235294117646 0.21931818181818183 0.01588235294117647 0.012272727272727272
0 0.17088235294117646 0.15113636363636362 0.01588235294117647 0.012272727272727272
0 0.17088235294117646 0.0525 0.01588235294117647 0.012272727272727272
0 0.2641176470588235 0.052954545454545456 0.015294117647058824 0.013181818181818182
