0 0.060294117647058824 0.9011363636363636 0.01588235294117647 0.012272727272727272
0 0.7020588235294117 0.3538636363636364 0.01588235294117647 0.012272727272727272
0 0.34911764705882353 0.9011363636363636 0.01588235294117647 0.012272727272727272
0 0.24323529411764705 0.09431818181818181 0.01588235294117647 0.012272727272727272
0 0.19029411764705884 0.9011363636363636 0.01588235294117647 0.012272727272727272
0 0.5602941176470588 0.0375 0.01588235294117647 0.012272727272727272
0 0.060294117647058824 0.09431818181818181 0.01588235294117647 0.012272727272727272
0 0.47205882352941175 0.3538636363636364 0.01588235294117647 0.012272727272727272
0 0.1561764705882353 0.6475 0.01588235294117647 0.012272727272727272
0 0.18441176470588236 0.0375 0.01588235294117647 0.012272727272727272
0 0.055 0.0375 0.01588235294117647 0.012272727272727272
0 0.36676470588235294 0.0375 0.01588235294117647 0.012272727272727272
0 0.1561764705882353 0.6720454545454545 0.01588235294117647 0.012272727272727272
0 0.7726470588235295 0.0375 0.01588235294117647 0.012272727272727272
0 0.47205882352941175 0.38386363636363635 0.01588235294117647 0.012272727272727272
