0 0.12264705882352941 0.3381818181818182 0.008823529411764706 0.00909090909090909
0 0.12205882352941176 0.5293181818181818 0.01 0.006818181818181818
0 0.12176470588235294 0.5927272727272728 0.010588235294117647 0.008181818181818182
0 0.12117647058823529 0.3704545454545455 0.009411764705882352 0.008181818181818182
0 0.12117647058823529 0.5131818181818182 0.009411764705882352 0.008181818181818182
0 0.12117647058823529 0.5763636363636364 0.011764705882352941 0.008181818181818182
0 0.1223529411764706 0.6252272727272727 0.010588235294117647 0.008636363636363636
0 0.12176470588235294 0.49727272727272726 0.010588235294117647 0.008181818181818182
0 0.12147058823529412 0.6886363636363636 0.012352941176470587 0.00909090909090909
0 0.12294117647058823 0.7527272727272727 0.011764705882352941 0.00909090909090909
0 0.12294117647058823 0.7056818181818182 0.011764705882352941 0.008636363636363636
0 0.12117647058823529 0.35454545454545455 0.009411764705882352 0.00909090909090909
