0 0.1188235294117647 0.9115909090909091 0.018823529411764704 0.015
0 0.5170588235294118 0.7988636363636363 0.018823529411764704 0.015
0 0.5170588235294118 0.7211363636363637 0.018823529411764704 0.015
0 0.0976470588235294 0.8947727272727273 0.018823529411764704 0.015
0 0.1188235294117647 0.928409090909091 0.018823529411764704 0.015
0 0.0988235294117647 0.4934090909090909 0.018823529411764704 0.015
0 0.5170588235294118 0.7820454545454546 0.018823529411764704 0.015
0 0.5170588235294118 0.6543181818181818 0.018823529411764704 0.015
0 0.5170588235294118 0.7365909090909091 0.018823529411764704 0.015
0 0.0976470588235294 0.8779545454545454 0.018823529411764704 0.015
0 0.0988235294117647 0.5102272727272728 0.018823529411764704 0.015
0 0.5170588235294118 0.6702272727272728 0.018823529411764704 0.015
0 0.8229411764705883 0.16386363636363635 0.018823529411764704 0.015
0 0.9361764705882353 0.9693181818181819 0.02411764705882353 0.015
