0 0.9679350149636596 0.15900846432889965 0.017101325352714837 0.02418379685610641
0 0.31316802052159043 0.46009673518742444 0.01410859341598974 0.02176541717049577
0 0.10966224882428388 0.09310761789600967 0.016673792218896963 0.02418379685610641
0 0.8713125267208208 0.4585852478839178 0.013681060282171868 0.021160822249093107
0 0.3257802479692176 0.7324667472793228 0.015391192817443352 0.022370012091898428
0 0.31209918768704575 0.1587061668681983 0.015391192817443352 0.02357920193470375
0 0.5908507909362976 0.15779927448609432 0.015391192817443352 0.02418379685610641
0 0.5917058572039333 0.4622128174123337 0.017101325352714837 0.022370012091898428
0 0.5106883283454468 0.7324667472793228 0.01838392475416845 0.021160822249093107
0 0.9166310389055152 0.7327690447400241 0.017101325352714837 0.02176541717049577
0 0.496793501496366 0.46130592503022977 0.015391192817443352 0.02418379685610641
0 0.4027362120564344 0.15749697702539298 0.015391192817443352 0.02599758162031439
0 0.9672937152629328 0.4616082224909311 0.01581872595126122 0.021160822249093107
0 0.6814878153056861 0.15900846432889965 0.015391192817443352 0.02418379685610641
0 0.8725951261222745 0.1587061668681983 0.017101325352714837 0.02357920193470375
0 0.2079948696023942 0.7324667472793228 0.01838392475416845 0.022370012091898428
0 0.7002992731936725 0.7663240628778718 0.015391192817443352 0.022370012091898428
0 0.7774690038477982 0.4585852478839178 0.014963659683625482 0.021160822249093107
0 0.7007268063274904 0.7315598548972189 0.015391192817443352 0.02418379685610641
0 0.6637451902522445 0.7324667472793228 0.01410859341598974 0.022370012091898428
0 0.21633176571184268 0.4588875453446191 0.015391192817443352 0.02418379685610641
0 0.8824283882000855 0.7651148730350665 0.017101325352714837 0.01995163240628779
0 0.9157759726378795 0.7651148730350665 0.015391192817443352 0.02357920193470375
0 0.4970072680632749 0.1587061668681983 0.01581872595126122 0.02357920193470375
0 0.7781103035485251 0.15628778718258768 0.013681060282171868 0.01995163240628779
0 0.8813595553655408 0.7333736396614269 0.014963659683625482 0.02418379685610641
0 0.23877725523728088 0.09250302297460701 0.01838392475416845 0.02176541717049577
0 0.6643864899529713 0.7660217654171705 0.015391192817443352 0.019347037484885126
0 0.12248824283882001 0.15840386940749698 0.01838392475416845 0.02418379685610641
0 0.4771269773407439 0.7324667472793228 0.017101325352714837 0.022370012091898428
0 0.0917058572039333 0.7315598548972189 0.01581872595126122 0.02418379685610641
0 0.12206070970500214 0.4585852478839178 0.014963659683625482 0.021160822249093107
0 0.2171868319794784 0.15749697702539298 0.017101325352714837 0.02599758162031439
0 0.6808465156049593 0.45979443772672307 0.017528858486532708 0.021160822249093107
0 0.40188114578879863 0.4588875453446191 0.017101325352714837 0.019347037484885126
