0 0.06911764705882353 0.7879545454545455 0.014705882352941176 0.011363636363636364
0 0.12441176470588235 0.39386363636363636 0.014705882352941176 0.011363636363636364
0 0.12794117647058822 0.8784090909090909 0.014705882352941176 0.011363636363636364
0 0.12794117647058822 0.8938636363636364 0.014705882352941176 0.011363636363636364
0 0.12441176470588235 0.5984090909090909 0.014705882352941176 0.011363636363636364
0 0.08852941176470588 0.7497727272727273 0.014705882352941176 0.011363636363636364
0 0.08852941176470588 0.6893181818181818 0.014705882352941176 0.011363636363636364
0 0.20911764705882352 0.5061363636363636 0.014705882352941176 0.011363636363636364
0 0.08852941176470588 0.6284090909090909 0.014705882352941176 0.011363636363636364
0 0.08852941176470588 0.9415909090909091 0.014705882352941176 0.011363636363636364
0 0.06911764705882353 0.31795454545454543 0.014705882352941176 0.011363636363636364
0 0.12794117647058822 0.9088636363636363 0.014705882352941176 0.011363636363636364
0 0.08852941176470588 0.8634090909090909 0.014705882352941176 0.011363636363636364
0 0.06911764705882353 0.4238636363636364 0.014705882352941176 0.011363636363636364
0 0.08852941176470588 0.9225 0.014705882352941176 0.011363636363636364
0 0.08852941176470588 0.7347727272727272 0.014705882352941176 0.011363636363636364
0 0.12441176470588235 0.8334090909090909 0.014705882352941176 0.011363636363636364
0 0.12794117647058822 0.31795454545454543 0.014705882352941176 0.011363636363636364
0 0.12558823529411764 0.5529545454545455 0.014705882352941176 0.011363636363636364
0 0.06911764705882353 0.39386363636363636 0.014705882352941176 0.011363636363636364
0 0.06911764705882353 0.8334090909090909 0.014705882352941176 0.011363636363636364
0 0.12441176470588235 0.4238636363636364 0.014705882352941176 0.011363636363636364
0 0.08852941176470588 0.6588636363636363 0.014705882352941176 0.011363636363636364
0 0.12441176470588235 0.7879545454545455 0.014705882352941176 0.011363636363636364
0 0.06911764705882353 0.5529545454545455 0.014705882352941176 0.011363636363636364
0 0.08852941176470588 0.7193181818181819 0.014705882352941176 0.011363636363636364
0 0.06911764705882353 0.5984090909090909 0.014705882352941176 0.011363636363636364
0 0.08852941176470588 0.6438636363636364 0.014705882352941176 0.011363636363636364
0 0.13794117647058823 0.5061363636363636 0.014705882352941176 0.011363636363636364
0 0.06911764705882353 0.5061363636363636 0.014705882352941176 0.011363636363636364
0 0.08852941176470588 0.6738636363636363 0.014705882352941176 0.011363636363636364
0 0.08852941176470588 0.7043181818181818 0.014705882352941176 0.011363636363636364
