0 0.13970588235294118 0.8293181818181818 0.014705882352941176 0.011363636363636364
0 0.07088235294117647 0.4656818181818182 0.014705882352941176 0.011363636363636364
0 0.07088235294117647 0.6361363636363636 0.014705882352941176 0.011363636363636364
0 0.13970588235294118 0.2534090909090909 0.014705882352941176 0.011363636363636364
0 0.13970588235294118 0.37477272727272726 0.014705882352941176 0.011363636363636364
0 0.19852941176470587 0.37477272727272726 0.014705882352941176 0.011363636363636364
0 0.07088235294117647 0.7761363636363636 0.014705882352941176 0.011363636363636364
0 0.07088235294117647 0.7306818181818182 0.014705882352941176 0.011363636363636364
0 0.07088235294117647 0.7497727272727273 0.014705882352941176 0.011363636363636364
0 0.07088235294117647 0.2534090909090909 0.014705882352941176 0.011363636363636364
0 0.07088235294117647 0.21568181818181817 0.014705882352941176 0.011363636363636364
0 0.07088235294117647 0.8293181818181818 0.014705882352941176 0.011363636363636364
0 0.07088235294117647 0.6665909090909091 0.014705882352941176 0.011363636363636364
0 0.19852941176470587 0.2534090909090909 0.014705882352941176 0.011363636363636364
0 0.07088235294117647 0.37477272727272726 0.014705882352941176 0.011363636363636364
0 0.13970588235294118 0.4656818181818182 0.014705882352941176 0.011363636363636364
0 0.19852941176470587 0.4656818181818182 0.014705882352941176 0.011363636363636364
0 0.07088235294117647 0.6929545454545455 0.014705882352941176 0.011363636363636364
0 0.07088235294117647 0.6170454545454546 0.014705882352941176 0.011363636363636364
0 0.13970588235294118 0.21568181818181817 0.014705882352941176 0.011363636363636364
0 0.19852941176470587 0.8293181818181818 0.014705882352941176 0.011363636363636364
