0 0.041176470588235294 0.6468181818181818 0.01411764705882353 0.013636363636363636
0 0.5670588235294117 0.6122727272727273 0.01411764705882353 0.014545454545454545
0 0.5173529411764706 0.575 0.017058823529411765 0.013636363636363636
0 0.5676470588235294 0.576590909090909 0.012941176470588235 0.015
0 0.5661764705882353 0.19227272727272726 0.012352941176470587 0.011818181818181818
0 0.040882352941176474 0.5947727272727272 0.014705882352941176 0.012272727272727272
0 0.5170588235294118 0.5927272727272728 0.01764705882352941 0.013636363636363636
0 0.04176470588235294 0.7322727272727273 0.012941176470588235 0.011818181818181818
0 0.042352941176470586 0.6804545454545454 0.01411764705882353 0.012727272727272728
0 0.039411764705882354 0.5602272727272727 0.01411764705882353 0.012272727272727272
0 0.5661764705882353 0.3315909090909091 0.01588235294117647 0.012272727272727272
0 0.5658823529411765 0.20977272727272728 0.012941176470588235 0.012272727272727272
0 0.5679411764705883 0.5938636363636364 0.012352941176470587 0.013181818181818182
0 0.566764705882353 0.34795454545454546 0.014705882352941176 0.012272727272727272
0 0.042352941176470586 0.7154545454545455 0.01411764705882353 0.013636363636363636
0 0.042352941176470586 0.6975 0.01411764705882353 0.011363636363636364
0 0.5147058823529411 0.5552272727272727 0.01647058823529412 0.012272727272727272
0 0.04323529411764706 0.7511363636363636 0.012352941176470587 0.012272727272727272
0 0.04058823529411765 0.6627272727272727 0.01411764705882353 0.011818181818181818
0 0.040882352941176474 0.6304545454545455 0.014705882352941176 0.01090909090909091
0 0.5173529411764706 0.6120454545454546 0.017058823529411765 0.012272727272727272
0 0.5658823529411765 0.315 0.012941176470588235 0.01
0 0.566764705882353 0.24545454545454545 0.013529411764705882 0.012727272727272728
0 0.04029411764705882 0.6115909090909091 0.012352941176470587 0.013181818181818182
0 0.04352941176470588 0.7672727272727272 0.015294117647058824 0.01090909090909091
0 0.039411764705882354 0.5761363636363637 0.01411764705882353 0.013181818181818182
0 0.5676470588235294 0.5570454545454545 0.015294117647058824 0.01681818181818182
0 0.5661764705882353 0.3663636363636364 0.012352941176470587 0.01090909090909091
0 0.5661764705882353 0.22772727272727272 0.012352941176470587 0.012727272727272728
