0 0.07176470588235294 0.8827272727272727 0.015294117647058824 0.011818181818181818
0 0.07235294117647059 0.8686363636363637 0.01411764705882353 0.01090909090909091
0 0.07235294117647059 0.855 0.01411764705882353 0.01090909090909091
0 0.07176470588235294 0.9236363636363636 0.015294117647058824 0.011818181818181818
0 0.07235294117647059 0.8413636363636363 0.01411764705882353 0.01090909090909091
0 0.07235294117647059 0.8272727272727273 0.01411764705882353 0.01090909090909091
0 0.9179411764705883 0.5336363636363637 0.028823529411764706 0.015454545454545455
0 0.9194117647058824 0.5075 0.024705882352941175 0.013181818181818182
0 0.07176470588235294 0.7995454545454546 0.015294117647058824 0.011818181818181818
0 0.07176470588235294 0.8131818181818182 0.015294117647058824 0.011818181818181818
