0 0.8044117647058824 0.5779545454545455 0.01588235294117647 0.012272727272727272
0 0.7602941176470588 0.29204545454545455 0.01588235294117647 0.012272727272727272
0 0.05911764705882353 0.8047727272727273 0.01588235294117647 0.012272727272727272
0 0.47558823529411764 0.5588636363636363 0.01588235294117647 0.012272727272727272
0 0.4238235294117647 0.7820454545454546 0.01588235294117647 0.012272727272727272
0 0.8767647058823529 0.5588636363636363 0.01588235294117647 0.012272727272727272
0 0.3473529411764706 0.4293181818181818 0.01588235294117647 0.012272727272727272
0 0.39441176470588235 0.8065909090909091 0.01588235294117647 0.012272727272727272
0 0.05911764705882353 0.6197727272727273 0.01588235294117647 0.012272727272727272
0 0.9414705882352942 0.5588636363636363 0.01588235294117647 0.012272727272727272
0 0.5167647058823529 0.3406818181818182 0.01588235294117647 0.012272727272727272
0 0.6014705882352941 0.3406818181818182 0.01588235294117647 0.012272727272727272
0 0.7214705882352941 0.7629545454545454 0.01588235294117647 0.012272727272727272
0 0.9411764705882353 0.1784090909090909 0.029411764705882353 0.02772727272727273
0 0.8455882352941176 0.4293181818181818 0.01588235294117647 0.012272727272727272
0 0.41970588235294115 0.5970454545454545 0.01588235294117647 0.012272727272727272
0 0.3502941176470588 0.7820454545454546 0.01588235294117647 0.012272727272727272
0 0.27205882352941174 0.7820454545454546 0.01588235294117647 0.012272727272727272
0 0.925 0.21886363636363637 0.01588235294117647 0.012272727272727272
0 0.825 0.7629545454545454 0.01588235294117647 0.012272727272727272
0 0.3461764705882353 0.5970454545454545 0.01588235294117647 0.012272727272727272
0 0.6355882352941177 0.45204545454545453 0.01588235294117647 0.012272727272727272
0 0.6991176470588235 0.5970454545454545 0.01588235294117647 0.012272727272727272
0 0.47911764705882354 0.7434090909090909 0.01588235294117647 0.012272727272727272
0 0.40852941176470586 0.5588636363636363 0.01588235294117647 0.012272727272727272
0 0.415 0.7434090909090909 0.01588235294117647 0.012272727272727272
0 0.39441176470588235 0.6215909090909091 0.01588235294117647 0.012272727272727272
0 0.26735294117647057 0.5970454545454545 0.01588235294117647 0.012272727272727272
0 0.7114705882352941 0.5779545454545455 0.01588235294117647 0.012272727272727272
0 0.875 0.7443181818181818 0.01588235294117647 0.012272727272727272
0 0.826764705882353 0.2184090909090909 0.01588235294117647 0.012272727272727272
0 0.9379411764705883 0.7443181818181818 0.01588235294117647 0.012272727272727272
0 0.7108823529411765 0.45204545454545453 0.01588235294117647 0.012272727272727272
0 0.8244117647058824 0.3406818181818182 0.01588235294117647 0.012272727272727272
0 0.28147058823529414 0.3406818181818182 0.01588235294117647 0.012272727272727272
0 0.4326470588235294 0.4293181818181818 0.01588235294117647 0.012272727272727272
0 0.9197058823529412 0.4293181818181818 0.01588235294117647 0.012272727272727272
0 0.20794117647058824 0.34295454545454546 0.01588235294117647 0.012272727272727272
0 0.7032352941176471 0.7820454545454546 0.01588235294117647 0.012272727272727272
0 0.9061764705882352 0.3406818181818182 0.01588235294117647 0.012272727272727272
