0 0.35323529411764704 0.7793181818181818 0.01588235294117647 0.012272727272727272
0 0.35323529411764704 0.8125 0.01588235294117647 0.012272727272727272
0 0.20676470588235293 0.43022727272727274 0.01588235294117647 0.012272727272727272
0 0.6661764705882353 0.9038636363636363 0.01588235294117647 0.012272727272727272
0 0.8308823529411765 0.9038636363636363 0.01588235294117647 0.012272727272727272
0 0.0661764705882353 0.4525 0.01588235294117647 0.012272727272727272
0 0.065 0.7956818181818182 0.01588235294117647 0.012272727272727272
0 0.065 0.8647727272727272 0.01588235294117647 0.012272727272727272
0 0.20676470588235293 0.4525 0.01588235294117647 0.012272727272727272
0 0.6661764705882353 0.9229545454545455 0.01588235294117647 0.012272727272727272
0 0.065 0.8125 0.01588235294117647 0.012272727272727272
0 0.6661764705882353 0.9415909090909091 0.01588235294117647 0.012272727272727272
0 0.065 0.7793181818181818 0.01588235294117647 0.012272727272727272
0 0.8308823529411765 0.9229545454545455 0.01588235294117647 0.012272727272727272
0 0.41852941176470587 0.8652272727272727 0.01588235294117647 0.012272727272727272
0 0.0661764705882353 0.43022727272727274 0.01588235294117647 0.012272727272727272
