0 0.31411764705882356 0.47045454545454546 0.021176470588235293 0.01
0 0.3426470588235294 0.43704545454545457 0.01588235294117647 0.012272727272727272
0 0.05323529411764706 0.8538636363636364 0.01588235294117647 0.012272727272727272
0 0.26735294117647057 0.8820454545454546 0.01588235294117647 0.012272727272727272
0 0.7297058823529412 0.8234090909090909 0.01588235294117647 0.012272727272727272
0 0.26735294117647057 0.8538636363636364 0.01588235294117647 0.012272727272727272
0 0.4808823529411765 0.9256818181818182 0.01588235294117647 0.012272727272727272
0 0.05323529411764706 0.8820454545454546 0.01588235294117647 0.012272727272727272
0 0.05323529411764706 0.8234090909090909 0.01588235294117647 0.012272727272727272
0 0.7638235294117647 0.4684090909090909 0.01588235294117647 0.012272727272727272
0 0.4026470588235294 0.43704545454545457 0.01588235294117647 0.012272727272727272
0 0.5214705882352941 0.5761363636363637 0.01588235294117647 0.012272727272727272
0 0.05323529411764706 0.4684090909090909 0.01588235294117647 0.012272727272727272
0 0.4808823529411765 0.8234090909090909 0.01588235294117647 0.012272727272727272
0 0.26735294117647057 0.8234090909090909 0.01588235294117647 0.012272727272727272
0 0.5214705882352941 0.5220454545454546 0.01588235294117647 0.012272727272727272
0 0.05088235294117647 0.5220454545454546 0.01588235294117647 0.012272727272727272
0 0.4808823529411765 0.8915909090909091 0.01588235294117647 0.012272727272727272
0 0.05088235294117647 0.6347727272727273 0.01588235294117647 0.012272727272727272
0 0.5067647058823529 0.4684090909090909 0.01588235294117647 0.012272727272727272
0 0.05088235294117647 0.5761363636363637 0.01588235294117647 0.012272727272727272
0 0.4808823529411765 0.8756818181818182 0.01588235294117647 0.012272727272727272
