0 0.14470588235294118 0.6295454545454545 0.01764705882352941 0.00909090909090909
0 0.2735294117647059 0.7813636363636364 0.01764705882352941 0.00909090909090909
0 0.0988235294117647 0.425 0.01764705882352941 0.00909090909090909
0 0.8173529411764706 0.14068181818181819 0.2311764705882353 0.18227272727272728
0 0.32823529411764707 0.7813636363636364 0.01764705882352941 0.00909090909090909
0 0.7976470588235294 0.8536363636363636 0.01764705882352941 0.00909090909090909
0 0.09 0.6295454545454545 0.01764705882352941 0.00909090909090909
0 0.7976470588235294 0.7813636363636364 0.01764705882352941 0.00909090909090909
0 0.7423529411764705 0.8536363636363636 0.01764705882352941 0.00909090909090909
0 0.7423529411764705 0.7813636363636364 0.01764705882352941 0.00909090909090909
