0 0.5479411764705883 0.06795454545454545 0.014705882352941176 0.011363636363636364
0 0.06735294117647059 0.7193181818181819 0.014705882352941176 0.011363636363636364
0 0.4497058823529412 0.5602272727272727 0.014705882352941176 0.011363636363636364
0 0.3814705882352941 0.17386363636363636 0.014705882352941176 0.011363636363636364
0 0.34205882352941175 0.20431818181818182 0.014705882352941176 0.011363636363636364
0 0.06735294117647059 0.5602272727272727 0.014705882352941176 0.011363636363636364
0 0.1361764705882353 0.7193181818181819 0.014705882352941176 0.011363636363636364
0 0.06735294117647059 0.08295454545454546 0.014705882352941176 0.011363636363636364
0 0.1461764705882353 0.5602272727272727 0.014705882352941176 0.011363636363636364
0 0.15558823529411764 0.17386363636363636 0.014705882352941176 0.011363636363636364
0 0.35205882352941176 0.13613636363636364 0.014705882352941176 0.011363636363636364
0 0.06735294117647059 0.06795454545454545 0.014705882352941176 0.011363636363636364
0 0.6361764705882353 0.8029545454545455 0.014705882352941176 0.011363636363636364
0 0.06735294117647059 0.21931818181818183 0.014705882352941176 0.011363636363636364
0 0.06735294117647059 0.20431818181818182 0.014705882352941176 0.011363636363636364
0 0.7538235294117647 0.5602272727272727 0.014705882352941176 0.011363636363636364
0 0.5479411764705883 0.08295454545454546 0.014705882352941176 0.011363636363636364
0 0.35205882352941176 0.5602272727272727 0.014705882352941176 0.011363636363636364
0 0.06735294117647059 0.12113636363636364 0.014705882352941176 0.011363636363636364
0 0.3226470588235294 0.06795454545454545 0.014705882352941176 0.011363636363636364
0 0.3226470588235294 0.08295454545454546 0.014705882352941176 0.011363636363636364
0 0.6261764705882353 0.5602272727272727 0.014705882352941176 0.011363636363636364
0 0.06735294117647059 0.17386363636363636 0.014705882352941176 0.011363636363636364
0 0.06735294117647059 0.13613636363636364 0.014705882352941176 0.011363636363636364
0 0.1361764705882353 0.5225 0.014705882352941176 0.011363636363636364
0 0.06735294117647059 0.4693181818181818 0.014705882352941176 0.011363636363636364
0 0.1361764705882353 0.4693181818181818 0.014705882352941176 0.011363636363636364
0 0.23441176470588235 0.5602272727272727 0.014705882352941176 0.011363636363636364
0 0.06735294117647059 0.5225 0.014705882352941176 0.011363636363636364
0 0.35205882352941176 0.12113636363636364 0.014705882352941176 0.011363636363636364
0 0.7438235294117647 0.8029545454545455 0.014705882352941176 0.011363636363636364
0 0.2638235294117647 0.17386363636363636 0.014705882352941176 0.011363636363636364
0 0.34205882352941175 0.21931818181818183 0.014705882352941176 0.011363636363636364
