0 0.6685294117647059 0.5638636363636363 0.01588235294117647 0.012272727272727272
0 0.07735294117647058 0.8656818181818182 0.01588235294117647 0.012272727272727272
0 0.07735294117647058 0.8420454545454545 0.01588235294117647 0.012272727272727272
0 0.735 0.5638636363636363 0.01588235294117647 0.012272727272727272
0 0.07735294117647058 0.9406818181818182 0.01588235294117647 0.012272727272727272
0 0.1638235294117647 0.3184090909090909 0.01588235294117647 0.012272727272727272
0 0.07735294117647058 0.8175 0.01588235294117647 0.012272727272727272
0 0.08794117647058823 0.7788636363636363 0.01588235294117647 0.012272727272727272
0 0.07735294117647058 0.9179545454545455 0.01588235294117647 0.012272727272727272
0 0.07205882352941176 0.3725 0.01588235294117647 0.012272727272727272
0 0.3085294117647059 0.35295454545454547 0.01588235294117647 0.012272727272727272
0 0.16029411764705884 0.35295454545454547 0.01588235294117647 0.012272727272727272
0 0.07735294117647058 0.8920454545454546 0.01588235294117647 0.012272727272727272
0 0.16029411764705884 0.3725 0.01588235294117647 0.012272727272727272
0 0.08205882352941177 0.5638636363636363 0.01588235294117647 0.012272727272727272
0 0.08205882352941177 0.3184090909090909 0.01588235294117647 0.012272727272727272
0 0.14205882352941177 0.7361363636363636 0.01588235294117647 0.012272727272727272
0 0.14911764705882352 0.7788636363636363 0.01588235294117647 0.012272727272727272
0 0.46147058823529413 0.5638636363636363 0.01588235294117647 0.012272727272727272
0 0.08029411764705882 0.7361363636363636 0.01588235294117647 0.012272727272727272
0 0.07205882352941176 0.35295454545454547 0.01588235294117647 0.012272727272727272
0 0.3085294117647059 0.3725 0.01588235294117647 0.012272727272727272
0 0.3991176470588235 0.5638636363636363 0.01588235294117647 0.012272727272727272
0 0.14323529411764707 0.5638636363636363 0.01588235294117647 0.012272727272727272
