0 0.345 0.7865909090909091 0.014705882352941176 0.011363636363636364
0 0.345 0.8620454545454546 0.014705882352941176 0.011363636363636364
0 0.26676470588235296 0.7711363636363636 0.014705882352941176 0.011363636363636364
0 0.14911764705882352 0.6443181818181818 0.014705882352941176 0.011363636363636364
0 0.4138235294117647 0.8470454545454545 0.014705882352941176 0.011363636363636364
0 0.07088235294117647 0.6956818181818182 0.014705882352941176 0.011363636363636364
0 0.26676470588235296 0.8165909090909091 0.014705882352941176 0.011363636363636364
0 0.26676470588235296 0.9379545454545455 0.014705882352941176 0.011363636363636364
0 0.5214705882352941 0.8320454545454545 0.014705882352941176 0.011363636363636364
0 0.4138235294117647 0.7865909090909091 0.014705882352941176 0.011363636363636364
0 0.4138235294117647 0.8165909090909091 0.014705882352941176 0.011363636363636364
0 0.5214705882352941 0.7411363636363636 0.014705882352941176 0.011363636363636364
0 0.4138235294117647 0.9379545454545455 0.014705882352941176 0.011363636363636364
0 0.13911764705882354 0.22568181818181818 0.014705882352941176 0.011363636363636364
0 0.4138235294117647 0.7561363636363636 0.014705882352941176 0.011363636363636364
0 0.345 0.9379545454545455 0.014705882352941176 0.011363636363636364
0 0.26676470588235296 0.9075 0.014705882352941176 0.011363636363636364
0 0.26676470588235296 0.9229545454545455 0.014705882352941176 0.011363636363636364
0 0.5214705882352941 0.9229545454545455 0.014705882352941176 0.011363636363636364
0 0.13911764705882354 0.6956818181818182 0.014705882352941176 0.011363636363636364
0 0.5214705882352941 0.9379545454545455 0.014705882352941176 0.011363636363636364
0 0.5214705882352941 0.8470454545454545 0.014705882352941176 0.011363636363636364
0 0.4138235294117647 0.7411363636363636 0.014705882352941176 0.011363636363636364
0 0.26676470588235296 0.8925 0.014705882352941176 0.011363636363636364
0 0.345 0.8925 0.014705882352941176 0.011363636363636364
0 0.4138235294117647 0.8620454545454546 0.014705882352941176 0.011363636363636364
0 0.345 0.8470454545454545 0.014705882352941176 0.011363636363636364
0 0.21794117647058822 0.6443181818181818 0.014705882352941176 0.011363636363636364
0 0.345 0.9075 0.014705882352941176 0.011363636363636364
0 0.5214705882352941 0.7711363636363636 0.014705882352941176 0.011363636363636364
0 0.345 0.9229545454545455 0.014705882352941176 0.011363636363636364
0 0.4138235294117647 0.7711363636363636 0.014705882352941176 0.011363636363636364
0 0.07088235294117647 0.22568181818181818 0.014705882352941176 0.011363636363636364
0 0.26676470588235296 0.8470454545454545 0.014705882352941176 0.011363636363636364
0 0.4138235294117647 0.8320454545454545 0.014705882352941176 0.011363636363636364
0 0.07088235294117647 0.6443181818181818 0.014705882352941176 0.011363636363636364
0 0.26676470588235296 0.7561363636363636 0.014705882352941176 0.011363636363636364
0 0.5214705882352941 0.8165909090909091 0.014705882352941176 0.011363636363636364
0 0.5214705882352941 0.9075 0.014705882352941176 0.011363636363636364
0 0.26676470588235296 0.8620454545454546 0.014705882352941176 0.011363636363636364
0 0.345 0.7411363636363636 0.014705882352941176 0.011363636363636364
0 0.5214705882352941 0.8620454545454546 0.014705882352941176 0.011363636363636364
0 0.5214705882352941 0.8925 0.014705882352941176 0.011363636363636364
0 0.4138235294117647 0.9229545454545455 0.014705882352941176 0.011363636363636364
0 0.26676470588235296 0.7411363636363636 0.014705882352941176 0.011363636363636364
0 0.345 0.8165909090909091 0.014705882352941176 0.011363636363636364
0 0.4138235294117647 0.8925 0.014705882352941176 0.011363636363636364
0 0.26676470588235296 0.7865909090909091 0.014705882352941176 0.011363636363636364
0 0.345 0.7561363636363636 0.014705882352941176 0.011363636363636364
0 0.26676470588235296 0.8320454545454545 0.014705882352941176 0.011363636363636364
0 0.345 0.8320454545454545 0.014705882352941176 0.011363636363636364
0 0.5214705882352941 0.7865909090909091 0.014705882352941176 0.011363636363636364
0 0.4138235294117647 0.9075 0.014705882352941176 0.011363636363636364
0 0.345 0.7711363636363636 0.014705882352941176 0.011363636363636364
0 0.5214705882352941 0.7561363636363636 0.014705882352941176 0.011363636363636364
