0 0.09029411764705883 0.7052272727272727 0.014705882352941176 0.011363636363636364
0 0.5708823529411765 0.6752272727272727 0.014705882352941176 0.011363636363636364
0 0.3161764705882353 0.5315909090909091 0.014705882352941176 0.011363636363636364
0 0.07088235294117647 0.2611363636363636 0.014705882352941176 0.011363636363636364
0 0.7573529411764706 0.47204545454545455 0.014705882352941176 0.011363636363636364
0 0.13970588235294118 0.5315909090909091 0.014705882352941176 0.011363636363636364
0 0.5808823529411765 0.5325 0.014705882352941176 0.011363636363636364
0 0.07088235294117647 0.14295454545454545 0.014705882352941176 0.011363636363636364
0 0.07088235294117647 0.15795454545454546 0.014705882352941176 0.011363636363636364
0 0.375 0.5315909090909091 0.014705882352941176 0.011363636363636364
0 0.3161764705882353 0.5615909090909091 0.014705882352941176 0.011363636363636364
0 0.375 0.48613636363636364 0.014705882352941176 0.011363636363636364
0 0.5220588235294118 0.5325 0.014705882352941176 0.011363636363636364
0 0.25735294117647056 0.48613636363636364 0.014705882352941176 0.011363636363636364
0 0.7573529411764706 0.48704545454545456 0.014705882352941176 0.011363636363636364
0 0.375 0.4706818181818182 0.014705882352941176 0.011363636363636364
0 0.3255882352941176 0.6752272727272727 0.014705882352941176 0.011363636363636364
0 0.3161764705882353 0.5161363636363636 0.014705882352941176 0.011363636363636364
0 0.7573529411764706 0.5325 0.014705882352941176 0.011363636363636364
0 0.13970588235294118 0.5615909090909091 0.014705882352941176 0.011363636363636364
0 0.09029411764705883 0.7961363636363636 0.014705882352941176 0.011363636363636364
0 0.07088235294117647 0.19613636363636364 0.014705882352941176 0.011363636363636364
0 0.6397058823529411 0.5325 0.014705882352941176 0.011363636363636364
0 0.25735294117647056 0.5615909090909091 0.014705882352941176 0.011363636363636364
0 0.13970588235294118 0.5770454545454545 0.014705882352941176 0.011363636363636364
0 0.07088235294117647 0.6447727272727273 0.014705882352941176 0.011363636363636364
0 0.19852941176470587 0.5615909090909091 0.014705882352941176 0.011363636363636364
0 0.19852941176470587 0.5161363636363636 0.014705882352941176 0.011363636363636364
0 0.07088235294117647 0.8461363636363637 0.014705882352941176 0.011363636363636364
0 0.4726470588235294 0.6752272727272727 0.014705882352941176 0.011363636363636364
0 0.09852941176470588 0.4343181818181818 0.014705882352941176 0.011363636363636364
0 0.15911764705882353 0.7356818181818182 0.014705882352941176 0.011363636363636364
0 0.15911764705882353 0.7661363636363636 0.014705882352941176 0.011363636363636364
0 0.13970588235294118 0.6447727272727273 0.014705882352941176 0.011363636363636364
0 0.07088235294117647 0.09659090909090909 0.014705882352941176 0.011363636363636364
0 0.5808823529411765 0.48704545454545456 0.014705882352941176 0.011363636363636364
0 0.19852941176470587 0.4706818181818182 0.014705882352941176 0.011363636363636364
0 0.09029411764705883 0.7661363636363636 0.014705882352941176 0.011363636363636364
0 0.5220588235294118 0.5175 0.014705882352941176 0.011363636363636364
0 0.15911764705882353 0.7052272727272727 0.014705882352941176 0.011363636363636364
0 0.6985294117647058 0.48704545454545456 0.014705882352941176 0.011363636363636364
0 0.19852941176470587 0.5315909090909091 0.014705882352941176 0.011363636363636364
0 0.5808823529411765 0.5175 0.014705882352941176 0.011363636363636364
0 0.25735294117647056 0.5315909090909091 0.014705882352941176 0.011363636363636364
0 0.6985294117647058 0.5175 0.014705882352941176 0.011363636363636364
0 0.375 0.5615909090909091 0.014705882352941176 0.011363636363636364
0 0.6985294117647058 0.5325 0.014705882352941176 0.011363636363636364
0 0.6397058823529411 0.5175 0.014705882352941176 0.011363636363636364
0 0.13911764705882354 0.4706818181818182 0.014705882352941176 0.011363636363636364
0 0.3161764705882353 0.5770454545454545 0.014705882352941176 0.011363636363636364
0 0.4238235294117647 0.6752272727272727 0.014705882352941176 0.011363636363636364
0 0.27676470588235297 0.09659090909090909 0.014705882352941176 0.011363636363636364
0 0.5808823529411765 0.47204545454545455 0.014705882352941176 0.011363636363636364
0 0.07088235294117647 0.1734090909090909 0.014705882352941176 0.011363636363636364
0 0.6985294117647058 0.47204545454545455 0.014705882352941176 0.011363636363636364
0 0.13970588235294118 0.5161363636363636 0.014705882352941176 0.011363636363636364
0 0.7573529411764706 0.5175 0.014705882352941176 0.011363636363636364
0 0.09029411764705883 0.7356818181818182 0.014705882352941176 0.011363636363636364
0 0.3161764705882353 0.48613636363636364 0.014705882352941176 0.011363636363636364
0 0.25735294117647056 0.5161363636363636 0.014705882352941176 0.011363636363636364
0 0.6397058823529411 0.47204545454545455 0.014705882352941176 0.011363636363636364
0 0.19852941176470587 0.48613636363636364 0.014705882352941176 0.011363636363636364
0 0.3161764705882353 0.4706818181818182 0.014705882352941176 0.011363636363636364
0 0.5220588235294118 0.47204545454545455 0.014705882352941176 0.011363636363636364
0 0.25735294117647056 0.4706818181818182 0.014705882352941176 0.011363636363636364
0 0.19852941176470587 0.5770454545454545 0.014705882352941176 0.011363636363636364
0 0.375 0.6752272727272727 0.014705882352941176 0.011363636363636364
0 0.375 0.5770454545454545 0.014705882352941176 0.011363636363636364
0 0.375 0.5161363636363636 0.014705882352941176 0.011363636363636364
0 0.13970588235294118 0.8461363636363637 0.014705882352941176 0.011363636363636364
0 0.15911764705882353 0.7961363636363636 0.014705882352941176 0.011363636363636364
0 0.25735294117647056 0.5770454545454545 0.014705882352941176 0.011363636363636364
0 0.6397058823529411 0.48704545454545456 0.014705882352941176 0.011363636363636364
0 0.13970588235294118 0.48613636363636364 0.014705882352941176 0.011363636363636364
0 0.5220588235294118 0.48704545454545456 0.014705882352941176 0.011363636363636364
0 0.5220588235294118 0.6752272727272727 0.014705882352941176 0.011363636363636364
0 0.16911764705882354 0.2611363636363636 0.014705882352941176 0.011363636363636364
0 0.07088235294117647 0.22613636363636364 0.014705882352941176 0.011363636363636364
