0 0.35558823529411765 0.2075 0.014705882352941176 0.011363636363636364
0 0.4338235294117647 0.16204545454545455 0.014705882352941176 0.011363636363636364
0 0.355 0.1925 0.014705882352941176 0.011363636363636364
0 0.355 0.1775 0.014705882352941176 0.011363636363636364
0 0.4338235294117647 0.2075 0.014705882352941176 0.011363636363636364
0 0.09735294117647059 0.1775 0.014705882352941176 0.011363636363636364
0 0.07088235294117647 0.13204545454545455 0.014705882352941176 0.011363636363636364
0 0.4338235294117647 0.1775 0.014705882352941176 0.011363636363636364
0 0.09735294117647059 0.2075 0.014705882352941176 0.011363636363636364
0 0.13970588235294118 0.2775 0.014705882352941176 0.011363636363636364
0 0.07205882352941176 0.38386363636363635 0.014705882352941176 0.011363636363636364
0 0.4338235294117647 0.1925 0.014705882352941176 0.011363636363636364
0 0.07088235294117647 0.2775 0.014705882352941176 0.011363636363636364
0 0.14088235294117646 0.38386363636363635 0.014705882352941176 0.011363636363636364
0 0.355 0.16204545454545455 0.014705882352941176 0.011363636363636364
0 0.13970588235294118 0.13204545454545455 0.014705882352941176 0.011363636363636364
0 0.09735294117647059 0.1925 0.014705882352941176 0.011363636363636364
0 0.09735294117647059 0.16204545454545455 0.014705882352941176 0.011363636363636364
