0 0.1538235294117647 0.12977272727272726 0.014705882352941176 0.011363636363636364
0 0.32029411764705884 0.29659090909090907 0.014705882352941176 0.011363636363636364
0 0.4126470588235294 0.6347727272727273 0.014705882352941176 0.011363636363636364
0 0.24205882352941177 0.6638636363636363 0.014705882352941176 0.011363636363636364
0 0.14911764705882352 0.8488636363636364 0.014705882352941176 0.011363636363636364
0 0.1514705882352941 0.34704545454545455 0.014705882352941176 0.011363636363636364
0 0.1538235294117647 0.1625 0.014705882352941176 0.011363636363636364
0 0.25735294117647056 0.7647727272727273 0.014705882352941176 0.011363636363636364
0 0.23323529411764707 0.24386363636363637 0.014705882352941176 0.011363636363636364
0 0.25088235294117645 0.39886363636363636 0.014705882352941176 0.011363636363636364
0 0.14911764705882352 0.7647727272727273 0.014705882352941176 0.011363636363636364
0 0.40558823529411764 0.39886363636363636 0.014705882352941176 0.011363636363636364
0 0.465 0.6638636363636363 0.014705882352941176 0.011363636363636364
0 0.22852941176470587 0.9361363636363637 0.014705882352941176 0.011363636363636364
0 0.3285294117647059 0.6638636363636363 0.014705882352941176 0.011363636363636364
0 0.3191176470588235 0.8488636363636364 0.014705882352941176 0.011363636363636364
0 0.2661764705882353 0.6347727272727273 0.014705882352941176 0.011363636363636364
0 0.25323529411764706 0.12977272727272726 0.014705882352941176 0.011363636363636364
0 0.2338235294117647 0.29659090909090907 0.014705882352941176 0.011363636363636364
0 0.32441176470588234 0.10931818181818181 0.014705882352941176 0.011363636363636364
0 0.2585294117647059 0.2125 0.014705882352941176 0.011363636363636364
0 0.2661764705882353 0.6806818181818182 0.014705882352941176 0.011363636363636364
0 0.4126470588235294 0.6806818181818182 0.014705882352941176 0.011363636363636364
0 0.23441176470588235 0.3784090909090909 0.014705882352941176 0.011363636363636364
0 0.4032352941176471 0.7647727272727273 0.014705882352941176 0.011363636363636364
0 0.2326470588235294 0.8488636363636364 0.014705882352941176 0.011363636363636364
0 0.1538235294117647 0.07795454545454546 0.014705882352941176 0.011363636363636364
0 0.3214705882352941 0.4315909090909091 0.014705882352941176 0.011363636363636364
0 0.40558823529411764 0.34704545454545455 0.014705882352941176 0.011363636363636364
0 0.1585294117647059 0.6806818181818182 0.014705882352941176 0.011363636363636364
0 0.1497058823529412 0.24386363636363637 0.014705882352941176 0.011363636363636364
0 0.2597058823529412 0.34704545454545455 0.014705882352941176 0.011363636363636364
0 0.1585294117647059 0.711590909090909 0.014705882352941176 0.011363636363636364
0 0.235 0.4315909090909091 0.014705882352941176 0.011363636363636364
0 0.14911764705882352 0.8161363636363637 0.014705882352941176 0.011363636363636364
0 0.1514705882352941 0.39886363636363636 0.014705882352941176 0.011363636363636364
0 0.2538235294117647 0.9052272727272728 0.014705882352941176 0.011363636363636364
0 0.40441176470588236 0.2125 0.014705882352941176 0.011363636363636364
0 0.1461764705882353 0.9052272727272728 0.014705882352941176 0.011363636363636364
0 0.24970588235294117 0.26431818181818184 0.014705882352941176 0.011363636363636364
0 0.46441176470588236 0.711590909090909 0.014705882352941176 0.011363636363636364
0 0.2485294117647059 0.8161363636363637 0.014705882352941176 0.011363636363636364
0 0.4002941176470588 0.9052272727272728 0.014705882352941176 0.011363636363636364
0 0.40794117647058825 0.12977272727272726 0.014705882352941176 0.011363636363636364
0 0.15088235294117647 0.3784090909090909 0.014705882352941176 0.011363636363636364
0 0.1514705882352941 0.4315909090909091 0.014705882352941176 0.011363636363636364
0 0.3291176470588235 0.711590909090909 0.014705882352941176 0.011363636363636364
0 0.4032352941176471 0.8161363636363637 0.014705882352941176 0.011363636363636364
0 0.15029411764705883 0.26431818181818184 0.014705882352941176 0.011363636363636364
0 0.145 0.9361363636363637 0.014705882352941176 0.011363636363636364
0 0.2373529411764706 0.1625 0.014705882352941176 0.011363636363636364
0 0.3220588235294118 0.3784090909090909 0.014705882352941176 0.011363636363636364
0 0.1585294117647059 0.6347727272727273 0.014705882352941176 0.011363636363636364
0 0.40441176470588236 0.26386363636363636 0.014705882352941176 0.011363636363636364
0 0.32382352941176473 0.1625 0.014705882352941176 0.011363636363636364
0 0.15029411764705883 0.29659090909090907 0.014705882352941176 0.011363636363636364
0 0.31676470588235295 0.9361363636363637 0.014705882352941176 0.011363636363636364
0 0.3197058823529412 0.7956818181818182 0.014705882352941176 0.011363636363636364
0 0.15323529411764705 0.10931818181818181 0.014705882352941176 0.011363636363636364
0 0.1585294117647059 0.6638636363636363 0.014705882352941176 0.011363636363636364
0 0.32088235294117645 0.24386363636363637 0.014705882352941176 0.011363636363636364
0 0.40794117647058825 0.07795454545454546 0.014705882352941176 0.011363636363636364
0 0.2620588235294118 0.07795454545454546 0.014705882352941176 0.011363636363636364
0 0.23205882352941176 0.7956818181818182 0.014705882352941176 0.011363636363636364
0 0.14794117647058824 0.7956818181818182 0.014705882352941176 0.011363636363636364
0 0.15029411764705883 0.2125 0.014705882352941176 0.011363636363636364
0 0.24205882352941177 0.711590909090909 0.014705882352941176 0.011363636363636364
0 0.23676470588235293 0.10931818181818181 0.014705882352941176 0.011363636363636364
