0 0.5214705882352941 0.11977272727272727 0.014705882352941176 0.011363636363636364
0 0.5214705882352941 0.25613636363636366 0.014705882352941176 0.011363636363636364
0 0.345 0.2711363636363636 0.014705882352941176 0.011363636363636364
0 0.13911764705882354 0.4025 0.014705882352941176 0.011363636363636364
0 0.4238235294117647 0.08931818181818182 0.014705882352941176 0.011363636363636364
0 0.37558823529411767 0.7456818181818182 0.014705882352941176 0.011363636363636364
0 0.345 0.10477272727272727 0.014705882352941176 0.011363636363636364
0 0.4238235294117647 0.11977272727272727 0.014705882352941176 0.011363636363636364
0 0.345 0.16522727272727272 0.014705882352941176 0.011363636363636364
0 0.5214705882352941 0.13477272727272727 0.014705882352941176 0.011363636363636364
0 0.345 0.08931818181818182 0.014705882352941176 0.011363636363636364
0 0.345 0.19568181818181818 0.014705882352941176 0.011363636363636364
0 0.4238235294117647 0.2711363636363636 0.014705882352941176 0.011363636363636364
0 0.5214705882352941 0.19568181818181818 0.014705882352941176 0.011363636363636364
0 0.345 0.11977272727272727 0.014705882352941176 0.011363636363636364
0 0.09470588235294118 0.07227272727272727 0.012941176470588235 0.01
0 0.1373529411764706 0.6479545454545454 0.014705882352941176 0.011363636363636364
0 0.2702941176470588 0.7456818181818182 0.014705882352941176 0.011363636363636364
0 0.5214705882352941 0.2106818181818182 0.014705882352941176 0.011363636363636364
0 0.4238235294117647 0.15022727272727274 0.014705882352941176 0.011363636363636364
0 0.4238235294117647 0.2106818181818182 0.014705882352941176 0.011363636363636364
0 0.5214705882352941 0.15022727272727274 0.014705882352941176 0.011363636363636364
0 0.4238235294117647 0.24113636363636365 0.014705882352941176 0.011363636363636364
0 0.345 0.2865909090909091 0.014705882352941176 0.011363636363636364
0 0.5214705882352941 0.18022727272727274 0.014705882352941176 0.011363636363636364
0 0.345 0.25613636363636366 0.014705882352941176 0.011363636363636364
0 0.07088235294117647 0.4025 0.014705882352941176 0.011363636363636364
0 0.2702941176470588 0.7261363636363637 0.014705882352941176 0.011363636363636364
0 0.5214705882352941 0.08931818181818182 0.014705882352941176 0.011363636363636364
0 0.5214705882352941 0.2711363636363636 0.014705882352941176 0.011363636363636364
0 0.345 0.15022727272727274 0.014705882352941176 0.011363636363636364
0 0.5214705882352941 0.10477272727272727 0.014705882352941176 0.011363636363636364
0 0.345 0.2106818181818182 0.014705882352941176 0.011363636363636364
0 0.345 0.22568181818181818 0.014705882352941176 0.011363636363636364
0 0.07088235294117647 0.5043181818181818 0.014705882352941176 0.011363636363636364
0 0.37558823529411767 0.7034090909090909 0.014705882352941176 0.011363636363636364
0 0.2702941176470588 0.6843181818181818 0.014705882352941176 0.011363636363636364
0 0.37558823529411767 0.6843181818181818 0.014705882352941176 0.011363636363636364
0 0.4238235294117647 0.25613636363636366 0.014705882352941176 0.011363636363636364
0 0.13911764705882354 0.5043181818181818 0.014705882352941176 0.011363636363636364
0 0.06911764705882353 0.6479545454545454 0.014705882352941176 0.011363636363636364
0 0.4238235294117647 0.19568181818181818 0.014705882352941176 0.011363636363636364
0 0.4238235294117647 0.13477272727272727 0.014705882352941176 0.011363636363636364
0 0.345 0.13477272727272727 0.014705882352941176 0.011363636363636364
0 0.345 0.18022727272727274 0.014705882352941176 0.011363636363636364
0 0.4238235294117647 0.22568181818181818 0.014705882352941176 0.011363636363636364
0 0.345 0.24113636363636365 0.014705882352941176 0.011363636363636364
0 0.4238235294117647 0.16522727272727272 0.014705882352941176 0.011363636363636364
0 0.4238235294117647 0.2865909090909091 0.014705882352941176 0.011363636363636364
0 0.5214705882352941 0.24113636363636365 0.014705882352941176 0.011363636363636364
0 0.4238235294117647 0.18022727272727274 0.014705882352941176 0.011363636363636364
0 0.5214705882352941 0.16522727272727272 0.014705882352941176 0.011363636363636364
0 0.37558823529411767 0.7261363636363637 0.014705882352941176 0.011363636363636364
0 0.4238235294117647 0.10477272727272727 0.014705882352941176 0.011363636363636364
0 0.5214705882352941 0.22568181818181818 0.014705882352941176 0.011363636363636364
0 0.5214705882352941 0.2865909090909091 0.014705882352941176 0.011363636363636364
0 0.2702941176470588 0.7034090909090909 0.014705882352941176 0.011363636363636364
