0 0.4138235294117647 0.3638636363636364 0.014705882352941176 0.011363636363636364
0 0.0738235294117647 0.6161363636363636 0.014705882352941176 0.011363636363636364
0 0.5020588235294118 0.3488636363636364 0.014705882352941176 0.011363636363636364
0 0.1514705882352941 0.21159090909090908 0.014705882352941176 0.011363636363636364
0 0.1526470588235294 0.23204545454545455 0.014705882352941176 0.011363636363636364
0 0.07147058823529412 0.8793181818181818 0.014705882352941176 0.011363636363636364
0 0.07088235294117647 0.3488636363636364 0.014705882352941176 0.011363636363636364
0 0.07088235294117647 0.8288636363636364 0.014705882352941176 0.011363636363636364
0 0.31558823529411767 0.3488636363636364 0.014705882352941176 0.011363636363636364
0 0.07088235294117647 0.37931818181818183 0.014705882352941176 0.011363636363636364
0 0.40794117647058825 0.06659090909090909 0.014705882352941176 0.011363636363636364
0 0.5020588235294118 0.39431818181818185 0.014705882352941176 0.011363636363636364
0 0.13970588235294118 0.8793181818181818 0.014705882352941176 0.011363636363636364
0 0.26088235294117645 0.1806818181818182 0.014705882352941176 0.011363636363636364
0 0.2620588235294118 0.06659090909090909 0.014705882352941176 0.011363636363636364
0 0.10029411764705883 0.6511363636363636 0.014705882352941176 0.011363636363636364
0 0.4061764705882353 0.23204545454545455 0.014705882352941176 0.011363636363636364
0 0.31558823529411767 0.37931818181818183 0.014705882352941176 0.011363636363636364
0 0.5020588235294118 0.44295454545454543 0.014705882352941176 0.011363636363636364
0 0.07088235294117647 0.31931818181818183 0.014705882352941176 0.011363636363636364
0 0.2361764705882353 0.26386363636363636 0.014705882352941176 0.011363636363636364
0 0.13911764705882354 0.31931818181818183 0.014705882352941176 0.011363636363636364
0 0.1538235294117647 0.06659090909090909 0.014705882352941176 0.011363636363636364
0 0.1526470588235294 0.1806818181818182 0.014705882352941176 0.011363636363636364
0 0.07088235294117647 0.39431818181818185 0.014705882352941176 0.011363636363636364
0 0.4138235294117647 0.39431818181818185 0.014705882352941176 0.011363636363636364
0 0.31558823529411767 0.4093181818181818 0.014705882352941176 0.011363636363636364
0 0.32382352941176473 0.15113636363636362 0.014705882352941176 0.011363636363636364
0 0.2526470588235294 0.11840909090909091 0.014705882352941176 0.011363636363636364
0 0.4138235294117647 0.3488636363636364 0.014705882352941176 0.011363636363636364
0 0.5020588235294118 0.3638636363636364 0.014705882352941176 0.011363636363636364
0 0.4138235294117647 0.37931818181818183 0.014705882352941176 0.011363636363636364
0 0.5020588235294118 0.4093181818181818 0.014705882352941176 0.011363636363636364
0 0.1526470588235294 0.09795454545454546 0.014705882352941176 0.011363636363636364
0 0.07088235294117647 0.7938636363636363 0.014705882352941176 0.011363636363636364
0 0.31558823529411767 0.3638636363636364 0.014705882352941176 0.011363636363636364
0 0.15323529411764705 0.11840909090909091 0.014705882352941176 0.011363636363636364
0 0.14441176470588235 0.7938636363636363 0.014705882352941176 0.011363636363636364
0 0.07088235294117647 0.42477272727272725 0.014705882352941176 0.011363636363636364
0 0.1526470588235294 0.26386363636363636 0.014705882352941176 0.011363636363636364
0 0.07088235294117647 0.4093181818181818 0.014705882352941176 0.011363636363636364
0 0.23676470588235293 0.09795454545454546 0.014705882352941176 0.011363636363636364
0 0.4073529411764706 0.11840909090909091 0.014705882352941176 0.011363636363636364
0 0.0738235294117647 0.6011363636363637 0.014705882352941176 0.011363636363636364
0 0.32323529411764707 0.21159090909090908 0.014705882352941176 0.011363636363636364
0 0.31558823529411767 0.39431818181818185 0.014705882352941176 0.011363636363636364
0 0.4067647058823529 0.18022727272727274 0.014705882352941176 0.011363636363636364
0 0.31558823529411767 0.44295454545454543 0.014705882352941176 0.011363636363636364
0 0.3226470588235294 0.26386363636363636 0.014705882352941176 0.011363636363636364
0 0.23558823529411765 0.21159090909090908 0.014705882352941176 0.011363636363636364
0 0.4038235294117647 0.6511363636363636 0.014705882352941176 0.011363636363636364
0 0.2520588235294118 0.23204545454545455 0.014705882352941176 0.011363636363636364
0 0.4138235294117647 0.4093181818181818 0.014705882352941176 0.011363636363636364
0 0.32441176470588234 0.09795454545454546 0.014705882352941176 0.011363636363636364
0 0.5020588235294118 0.37931818181818183 0.014705882352941176 0.011363636363636364
0 0.30617647058823527 0.6511363636363636 0.014705882352941176 0.011363636363636364
0 0.14558823529411766 0.8288636363636364 0.014705882352941176 0.011363636363636364
0 0.2373529411764706 0.15113636363636362 0.014705882352941176 0.011363636363636364
0 0.20794117647058824 0.6511363636363636 0.014705882352941176 0.011363636363636364
0 0.4138235294117647 0.44295454545454543 0.014705882352941176 0.011363636363636364
0 0.1538235294117647 0.15159090909090908 0.014705882352941176 0.011363636363636364
0 0.07088235294117647 0.3638636363636364 0.014705882352941176 0.011363636363636364
