0 0.7826470588235294 0.4202272727272727 0.01588235294117647 0.012272727272727272
0 0.875 0.39704545454545453 0.01588235294117647 0.012272727272727272
0 0.7826470588235294 0.5556818181818182 0.01588235294117647 0.012272727272727272
0 0.875 0.6656818181818182 0.01588235294117647 0.012272727272727272
0 0.7826470588235294 0.5329545454545455 0.01588235294117647 0.012272727272727272
0 0.875 0.4893181818181818 0.01588235294117647 0.012272727272727272
0 0.7826470588235294 0.5993181818181819 0.01588235294117647 0.012272727272727272
0 0.7826470588235294 0.44295454545454543 0.01588235294117647 0.012272727272727272
0 0.7826470588235294 0.6656818181818182 0.01588235294117647 0.012272727272727272
0 0.875 0.4202272727272727 0.01588235294117647 0.012272727272727272
0 0.7826470588235294 0.6875 0.01588235294117647 0.012272727272727272
0 0.875 0.5120454545454546 0.01588235294117647 0.012272727272727272
0 0.7826470588235294 0.7111363636363637 0.01588235294117647 0.012272727272727272
0 0.7826470588235294 0.5120454545454546 0.01588235294117647 0.012272727272727272
0 0.875 0.5775 0.01588235294117647 0.012272727272727272
0 0.5002941176470588 0.14886363636363636 0.01588235294117647 0.012272727272727272
0 0.7826470588235294 0.6220454545454546 0.01588235294117647 0.012272727272727272
0 0.875 0.6438636363636364 0.01588235294117647 0.012272727272727272
0 0.875 0.5993181818181819 0.01588235294117647 0.012272727272727272
0 0.875 0.5329545454545455 0.01588235294117647 0.012272727272727272
0 0.875 0.5556818181818182 0.01588235294117647 0.012272727272727272
0 0.875 0.6220454545454546 0.01588235294117647 0.012272727272727272
0 0.065 0.14931818181818182 0.01588235294117647 0.012272727272727272
0 0.7826470588235294 0.6438636363636364 0.01588235294117647 0.012272727272727272
0 0.875 0.44295454545454543 0.01588235294117647 0.012272727272727272
0 0.875 0.6875 0.01588235294117647 0.012272727272727272
0 0.7826470588235294 0.4893181818181818 0.01588235294117647 0.012272727272727272
0 0.7826470588235294 0.5775 0.01588235294117647 0.012272727272727272
0 0.875 0.4656818181818182 0.01588235294117647 0.012272727272727272
0 0.7826470588235294 0.4656818181818182 0.01588235294117647 0.012272727272727272
0 0.7826470588235294 0.39704545454545453 0.01588235294117647 0.012272727272727272
0 0.875 0.7111363636363637 0.01588235294117647 0.012272727272727272
0 0.27205882352941174 0.14886363636363636 0.01588235294117647 0.012272727272727272
