0 0.06088235294117647 0.21204545454545454 0.014705882352941176 0.011363636363636364
0 0.5002941176470588 0.7534090909090909 0.01588235294117647 0.012272727272727272
0 0.12911764705882353 0.6134090909090909 0.014705882352941176 0.011363636363636364
0 0.5408823529411765 0.21204545454545454 0.014705882352941176 0.011363636363636364
0 0.3938235294117647 0.4465909090909091 0.014705882352941176 0.011363636363636364
0 0.9414705882352942 0.7534090909090909 0.01588235294117647 0.012272727272727272
0 0.4626470588235294 0.21204545454545454 0.014705882352941176 0.011363636363636364
0 0.7567647058823529 0.4465909090909091 0.014705882352941176 0.011363636363636364
0 0.5002941176470588 0.8634090909090909 0.01588235294117647 0.012272727272727272
0 0.9020588235294118 0.8634090909090909 0.01588235294117647 0.012272727272727272
0 0.1585294117647059 0.21204545454545454 0.014705882352941176 0.011363636363636364
0 0.9414705882352942 0.8329545454545455 0.01588235294117647 0.012272727272727272
0 0.9414705882352942 0.8634090909090909 0.01588235294117647 0.012272727272727272
0 0.8644117647058823 0.4465909090909091 0.014705882352941176 0.011363636363636364
0 0.46088235294117647 0.7761363636363636 0.01588235294117647 0.012272727272727272
0 0.46088235294117647 0.8934090909090909 0.01588235294117647 0.012272727272727272
0 0.46088235294117647 0.8025 0.01588235294117647 0.012272727272727272
0 0.9414705882352942 0.8025 0.01588235294117647 0.012272727272727272
0 0.5002941176470588 0.8025 0.01588235294117647 0.012272727272727272
0 0.9020588235294118 0.7534090909090909 0.01588235294117647 0.012272727272727272
0 0.49205882352941177 0.4465909090909091 0.014705882352941176 0.011363636363636364
0 0.06088235294117647 0.6134090909090909 0.014705882352941176 0.011363636363636364
0 0.835 0.6134090909090909 0.014705882352941176 0.011363636363636364
0 0.6391176470588236 0.4465909090909091 0.014705882352941176 0.011363636363636364
0 0.5002941176470588 0.7761363636363636 0.01588235294117647 0.012272727272727272
0 0.30558823529411766 0.21204545454545454 0.014705882352941176 0.011363636363636364
0 0.9414705882352942 0.8934090909090909 0.01588235294117647 0.012272727272727272
0 0.2961764705882353 0.4465909090909091 0.014705882352941176 0.011363636363636364
0 0.06088235294117647 0.23477272727272727 0.014705882352941176 0.011363636363636364
0 0.30558823529411766 0.23477272727272727 0.014705882352941176 0.011363636363636364
0 0.1585294117647059 0.23477272727272727 0.014705882352941176 0.011363636363636364
0 0.9020588235294118 0.8329545454545455 0.01588235294117647 0.012272727272727272
0 0.9020588235294118 0.8025 0.01588235294117647 0.012272727272727272
0 0.06088235294117647 0.4465909090909091 0.014705882352941176 0.011363636363636364
0 0.46088235294117647 0.8634090909090909 0.01588235294117647 0.012272727272727272
0 0.5002941176470588 0.8329545454545455 0.01588235294117647 0.012272727272727272
0 0.4626470588235294 0.22704545454545455 0.014705882352941176 0.011363636363636364
0 0.4626470588235294 0.24204545454545454 0.014705882352941176 0.011363636363636364
0 0.9020588235294118 0.8934090909090909 0.01588235294117647 0.012272727272727272
0 0.6908823529411765 0.22704545454545455 0.014705882352941176 0.011363636363636364
0 0.46088235294117647 0.8329545454545455 0.01588235294117647 0.012272727272727272
0 0.5002941176470588 0.8934090909090909 0.01588235294117647 0.012272727272727272
0 0.46088235294117647 0.7534090909090909 0.01588235294117647 0.012272727272727272
0 0.7667647058823529 0.6134090909090909 0.014705882352941176 0.011363636363636364
