0 0.7222727272727273 0.6270588235294118 0.024545454545454544 0.03411764705882353
0 0.9647727272727272 0.23852941176470588 0.011363636363636364 0.014705882352941176
0 0.9247727272727273 0.23852941176470588 0.011363636363636364 0.014705882352941176
0 0.9247727272727273 0.13970588235294118 0.011363636363636364 0.014705882352941176
0 0.5379545454545455 0.6270588235294118 0.019545454545454546 0.03411764705882353
0 0.9247727272727273 0.4373529411764706 0.011363636363636364 0.014705882352941176
0 0.9647727272727272 0.305 0.011363636363636364 0.014705882352941176
0 0.9247727272727273 0.305 0.011363636363636364 0.014705882352941176
0 0.9647727272727272 0.5032352941176471 0.011363636363636364 0.014705882352941176
0 0.9647727272727272 0.18382352941176472 0.011363636363636364 0.014705882352941176
0 0.9247727272727273 0.5032352941176471 0.011363636363636364 0.014705882352941176
0 0.9247727272727273 0.18382352941176472 0.011363636363636364 0.014705882352941176
0 0.9247727272727273 0.3708823529411765 0.011363636363636364 0.014705882352941176
0 0.9647727272727272 0.13970588235294118 0.011363636363636364 0.014705882352941176
0 0.9647727272727272 0.4373529411764706 0.011363636363636364 0.014705882352941176
0 0.9647727272727272 0.3708823529411765 0.011363636363636364 0.014705882352941176
