0 0.12794117647058822 0.4847727272727273 0.014705882352941176 0.011363636363636364
0 0.0661764705882353 0.33795454545454545 0.014705882352941176 0.011363636363636364
0 0.12558823529411764 0.09204545454545454 0.014705882352941176 0.011363636363636364
0 0.0661764705882353 0.13522727272727272 0.014705882352941176 0.011363636363636364
0 0.07911764705882353 0.3547727272727273 0.014705882352941176 0.011363636363636364
0 0.0661764705882353 0.09204545454545454 0.014705882352941176 0.011363636363636364
0 0.06794117647058824 0.5511363636363636 0.014705882352941176 0.011363636363636364
0 0.1261764705882353 0.25295454545454543 0.014705882352941176 0.011363636363636364
0 0.12794117647058822 0.5511363636363636 0.014705882352941176 0.011363636363636364
0 0.12735294117647059 0.4315909090909091 0.014705882352941176 0.011363636363636364
0 0.07911764705882353 0.39704545454545453 0.014705882352941176 0.011363636363636364
0 0.12676470588235295 0.33795454545454545 0.014705882352941176 0.011363636363636364
0 0.07911764705882353 0.3756818181818182 0.014705882352941176 0.011363636363636364
0 0.12558823529411764 0.13522727272727272 0.014705882352941176 0.011363636363636364
0 0.0661764705882353 0.25295454545454543 0.014705882352941176 0.011363636363636364
0 0.06676470588235293 0.43113636363636365 0.014705882352941176 0.011363636363636364
0 0.06735294117647059 0.4847727272727273 0.014705882352941176 0.011363636363636364
