0 0.10029411764705883 0.5215909090909091 0.014705882352941176 0.011363636363636364
0 0.12029411764705883 0.8175 0.014705882352941176 0.011363636363636364
0 0.10029411764705883 0.5970454545454545 0.014705882352941176 0.011363636363636364
0 0.10029411764705883 0.5670454545454545 0.014705882352941176 0.011363636363636364
0 0.13441176470588234 0.18113636363636362 0.014705882352941176 0.011363636363636364
0 0.20323529411764707 0.18113636363636362 0.014705882352941176 0.011363636363636364
0 0.09088235294117647 0.7947727272727273 0.014705882352941176 0.011363636363636364
0 0.10029411764705883 0.5515909090909091 0.014705882352941176 0.011363636363636364
0 0.09088235294117647 0.7797727272727273 0.014705882352941176 0.011363636363636364
0 0.13970588235294118 0.7493181818181818 0.014705882352941176 0.011363636363636364
0 0.105 0.20386363636363636 0.014705882352941176 0.011363636363636364
0 0.105 0.21886363636363637 0.014705882352941176 0.011363636363636364
0 0.10029411764705883 0.5061363636363636 0.014705882352941176 0.011363636363636364
0 0.105 0.14295454545454545 0.014705882352941176 0.011363636363636364
0 0.07558823529411765 0.09022727272727273 0.014705882352941176 0.011363636363636364
0 0.105 0.23386363636363636 0.014705882352941176 0.011363636363636364
0 0.07088235294117647 0.4606818181818182 0.014705882352941176 0.011363636363636364
0 0.105 0.2793181818181818 0.014705882352941176 0.011363636363636364
0 0.27676470588235297 0.8175 0.014705882352941176 0.011363636363636364
0 0.10029411764705883 0.5365909090909091 0.014705882352941176 0.011363636363636364
0 0.105 0.24931818181818183 0.014705882352941176 0.011363636363636364
0 0.105 0.16568181818181818 0.014705882352941176 0.011363636363636364
0 0.105 0.12022727272727272 0.014705882352941176 0.011363636363636364
0 0.13970588235294118 0.4606818181818182 0.014705882352941176 0.011363636363636364
0 0.1885294117647059 0.8175 0.014705882352941176 0.011363636363636364
0 0.5514705882352942 0.8175 0.014705882352941176 0.011363636363636364
0 0.10029411764705883 0.5820454545454545 0.014705882352941176 0.011363636363636364
0 0.07088235294117647 0.7493181818181818 0.014705882352941176 0.011363636363636364
0 0.10029411764705883 0.49113636363636365 0.014705882352941176 0.011363636363636364
0 0.105 0.26431818181818184 0.014705882352941176 0.011363636363636364
0 0.105 0.32477272727272727 0.014705882352941176 0.011363636363636364
0 0.14441176470588235 0.09022727272727273 0.014705882352941176 0.011363636363636364
