0 0.10029411764705883 0.7856818181818181 0.014705882352941176 0.011363636363636364
0 0.10029411764705883 0.8765909090909091 0.014705882352941176 0.011363636363636364
0 0.10029411764705883 0.8915909090909091 0.014705882352941176 0.011363636363636364
0 0.10029411764705883 0.45204545454545453 0.014705882352941176 0.011363636363636364
0 0.12970588235294117 0.23977272727272728 0.014705882352941176 0.011363636363636364
0 0.21794117647058822 0.23977272727272728 0.014705882352941176 0.011363636363636364
0 0.22794117647058823 0.3306818181818182 0.014705882352941176 0.011363636363636364
0 0.12970588235294117 0.30068181818181816 0.014705882352941176 0.011363636363636364
0 0.10029411764705883 0.46704545454545454 0.014705882352941176 0.011363636363636364
0 0.10029411764705883 0.5429545454545455 0.014705882352941176 0.011363636363636364
0 0.10029411764705883 0.2702272727272727 0.014705882352941176 0.011363636363636364
0 0.10029411764705883 0.7402272727272727 0.014705882352941176 0.011363636363636364
0 0.10029411764705883 0.8006818181818182 0.014705882352941176 0.011363636363636364
0 0.10029411764705883 0.4825 0.014705882352941176 0.011363636363636364
0 0.17852941176470588 0.3306818181818182 0.014705882352941176 0.011363636363636364
0 0.10029411764705883 0.5579545454545455 0.014705882352941176 0.011363636363636364
0 0.10029411764705883 0.7552272727272727 0.014705882352941176 0.011363636363636364
0 0.10029411764705883 0.5125 0.014705882352941176 0.011363636363636364
0 0.13970588235294118 0.6947727272727273 0.014705882352941176 0.011363636363636364
0 0.26676470588235296 0.36113636363636364 0.014705882352941176 0.011363636363636364
0 0.10029411764705883 0.7702272727272728 0.014705882352941176 0.011363636363636364
0 0.10029411764705883 0.3915909090909091 0.014705882352941176 0.011363636363636364
0 0.07088235294117647 0.6947727272727273 0.014705882352941176 0.011363636363636364
0 0.10029411764705883 0.8611363636363636 0.014705882352941176 0.011363636363636364
0 0.09558823529411764 0.1175 0.014705882352941176 0.011363636363636364
0 0.10029411764705883 0.6034090909090909 0.014705882352941176 0.011363636363636364
0 0.32088235294117645 0.1175 0.014705882352941176 0.011363636363636364
0 0.0661764705882353 0.0875 0.014705882352941176 0.011363636363636364
0 0.10029411764705883 0.4065909090909091 0.014705882352941176 0.011363636363636364
0 0.13970588235294118 0.17931818181818182 0.014705882352941176 0.011363636363636364
0 0.21794117647058822 0.30068181818181816 0.014705882352941176 0.011363636363636364
0 0.10029411764705883 0.8461363636363637 0.014705882352941176 0.011363636363636364
0 0.10029411764705883 0.43704545454545457 0.014705882352941176 0.011363636363636364
0 0.12970588235294117 0.36113636363636364 0.014705882352941176 0.011363636363636364
0 0.10029411764705883 0.42159090909090907 0.014705882352941176 0.011363636363636364
0 0.07088235294117647 0.17931818181818182 0.014705882352941176 0.011363636363636364
0 0.10029411764705883 0.4975 0.014705882352941176 0.011363636363636364
0 0.10029411764705883 0.25522727272727275 0.014705882352941176 0.011363636363636364
0 0.10029411764705883 0.37613636363636366 0.014705882352941176 0.011363636363636364
0 0.09558823529411764 0.13295454545454546 0.014705882352941176 0.011363636363636364
0 0.19852941176470587 0.36113636363636364 0.014705882352941176 0.011363636363636364
0 0.10029411764705883 0.5279545454545455 0.014705882352941176 0.011363636363636364
0 0.10029411764705883 0.7247727272727272 0.014705882352941176 0.011363636363636364
0 0.12970588235294117 0.3306818181818182 0.014705882352941176 0.011363636363636364
0 0.10029411764705883 0.20977272727272728 0.014705882352941176 0.011363636363636364
0 0.13441176470588234 0.0875 0.014705882352941176 0.011363636363636364
